1000
2	1
333
4	1
927
8	1
537
9	1
189
11	1
807
14	1
466
15	1
442
19	1
41
23	1
114
24	1
685
26	1
291
27	1
171
28	1
81
30	1
624
31	1
824
34	1
852
38	1
311
44	1
183
45	1
705
48	1
490
50	1
205
51	1
113
61	1
856
65	1
459
66	1
446
67	1
468
70	1
210
71	1
911
72	1
919
74	1
502
76	1
262
79	1
229
80	1
324
88	1
338
89	1
211
92	1
101
94	1
534
97	1
862
98	1
175
99	1
981
102	1
257
103	1
485
107	1
969
112	1
106
113	1
785
114	1
286
117	1
960
119	1
613
120	1
956
121	1
807
124	1
605
125	1
7
7	1
122
126	1
951
127	1
530
128	1
890
129	1
770
131	1
167
132	1
830
133	1
582
135	1
191
138	1
676
139	1
201
145	1
797
146	1
951
149	1
981
150	1
858
152	1
284
153	1
595
160	1
939
164	1
544
166	1
758
167	1
890
169	1
713
170	1
84
84	1
742
173	1
713
175	1
689
179	1
870
184	1
873
185	1
997
186	1
657
190	1
655
192	1
757
193	1
249
203	1
736
204	1
499
205	1
154
206	1
419
207	1
425
208	1
377
211	1
404
216	1
32
219	1
227
221	1
755
224	1
714
228	1
800
229	1
402
234	1
280
237	1
702
238	1
60
243	1
606
250	1
953
251	1
697
253	1
60
254	1
109
255	1
57
256	1
282
258	1
101
260	1
640
261	1
973
264	1
411
265	1
464
266	1
567
267	1
82
273	1
825
276	1
317
277	1
562
279	1
230
230	1
582
280	1
630
282	1
901
283	1
879
284	1
892
287	1
40
289	1
814
290	1
944
291	1
199
199	1
460
295	1
614
300	1
594
305	1
528
308	1
245
311	1
658
319	1
159
320	1
194
194	1
801
321	1
814
325	1
730
326	1
603
328	1
530
329	1
949
332	1
42
42	1
105
333	1
47
338	1
623
344	1
940
345	1
870
346	1
939
353	1
406
354	1
864
355	1
969
356	1
911
357	1
375
358	1
948
359	1
978
360	1
619
365	1
386
373	1
445
375	1
58
377	1
39
381	1
558
385	1
85
388	1
349
349	1
880
389	1
165
393	1
846
394	1
85
395	1
935
397	1
54
398	1
364
400	1
236
401	1
859
402	1
21
404	1
168
406	1
982
410	1
918
411	1
115
413	1
712
418	1
384
419	1
181
181	1
811
420	1
396
396	1
161
161	1
209
422	1
155
155	1
428
423	1
387
426	1
363
363	1
811
427	1
478
428	1
886
431	1
493
432	1
77
435	1
75
436	1
162
437	1
387
439	1
352
440	1
57
441	1
374
442	1
63
445	1
443
448	1
915
449	1
122
122	1
36
36	1
755
451	1
212
212	1
621
453	1
603
459	1
225
225	1
890
460	1
588
463	1
657
467	1
611
469	1
631
470	1
680
472	1
482
474	1
429
475	1
876
478	1
578
479	1
454
454	1
500
482	1
862
483	1
886
484	1
569
485	1
991
487	1
498
489	1
857
491	1
625
492	1
938
493	1
532
494	1
513
499	1
352
505	1
240
240	1
3
508	1
784
512	1
362
362	1
876
515	1
737
516	1
147
147	1
576
517	1
764
520	1
302
523	1
901
526	1
154
154	1
675
527	1
836
537	1
163
538	1
908
539	1
314
540	1
6
6	1
252
544	1
951
549	1
18
551	1
105
553	1
783
555	1
392
556	1
32
559	1
660
560	1
793
561	1
414
414	1
141
564	1
196
196	1
41
565	1
213
568	1
1
569	1
760
577	1
218
578	1
383
383	1
340
340	1
244
579	1
157
157	1
162
581	1
584
585	1
465
586	1
944
588	1
965
590	1
758
591	1
40
40	1
726
593	1
804
595	1
12
12	1
455
597	1
900
598	1
987
599	1
864
603	1
309
309	1
582
604	1
366
605	1
468
468	1
471
607	1
20
20	1
519
519	1
958
609	1
197
610	1
244
611	1
137
612	1
770
615	1
606
616	1
77
77	1
433
618	1
54
619	1
16
621	1
533
622	1
677
624	1
698
625	1
501
501	1
408
627	1
405
628	1
490
630	1
567
633	1
541
541	1
405
634	1
41
635	1
971
636	1
142
142	1
620
637	1
171
640	1
339
339	1
477
477	1
535
642	1
296
296	1
270
270	1
134
643	1
231
231	1
304
304	1
970
645	1
997
646	1
369
647	1
543
543	1
314
651	1
804
654	1
668
655	1
495
656	1
322
657	1
848
659	1
925
665	1
764
666	1
863
667	1
33
668	1
902
670	1
992
671	1
620
620	1
236
236	1
13
13	1
732
673	1
918
674	1
703
675	1
944
678	1
407
679	1
49
49	1
25
681	1
631
682	1
710
684	1
188
685	1
787
686	1
826
689	1
880
693	1
576
576	1
631
697	1
313
313	1
573
700	1
54
54	1
899
701	1
226
703	1
819
708	1
750
710	1
466
711	1
717
712	1
348
713	1
379
714	1
232
232	1
292
292	1
879
715	1
699
699	1
911
716	1
582
582	1
209
717	1
213
718	1
947
719	1
35
35	1
992
723	1
891
724	1
462
462	1
913
725	1
964
726	1
343
343	1
168
168	1
268
727	1
202
202	1
226
728	1
807
729	1
781
730	1
111
731	1
975
733	1
415
734	1
953
735	1
573
736	1
967
737	1
63
63	1
802
738	1
189
189	1
805
739	1
464
464	1
315
315	1
993
740	1
473
741	1
386
745	1
973
746	1
532
747	1
810
748	1
444
749	1
263
752	1
33
755	1
924
757	1
408
758	1
826
759	1
93
760	1
554
554	1
257
257	1
378
378	1
242
761	1
29
762	1
641
641	1
976
763	1
768
765	1
466
766	1
60
60	1
644
644	1
370
370	1
81
81	1
259
259	1
392
769	1
371
371	1
1
770	1
21
21	1
96
771	1
707
707	1
130
772	1
249
249	1
182
773	1
962
778	1
683
779	1
584
780	1
866
781	1
807
782	1
985
783	1
594
594	1
390
784	1
213
213	1
137
785	1
176
176	1
415
415	1
163
163	1
980
787	1
434
788	1
911
789	1
430
430	1
649
791	1
884
793	1
744
744	1
342
342	1
425
425	1
961
794	1
59
59	1
490
795	1
316
316	1
324
324	1
639
639	1
672
796	1
833
799	1
247
247	1
101
800	1
93
801	1
106
106	1
987
802	1
407
804	1
525
805	1
949
806	1
386
386	1
337
337	1
376
376	1
575
575	1
732
807	1
959
808	1
330
330	1
116
811	1
116
812	1
22
815	1
836
816	1
810
819	1
46
46	1
680
680	1
500
500	1
587
587	1
583
583	1
511
820	1
198
198	1
480
480	1
753
753	1
602
823	1
589
589	1
954
825	1
18
18	1
93
93	1
171
171	1
972
827	1
0
828	1
498
829	1
32
830	1
285
285	1
691
836	1
350
350	1
306
838	1
914
839	1
558
840	1
263
263	1
690
690	1
912
841	1
652
652	1
513
513	1
959
842	1
159
844	1
683
846	1
536
847	1
457
848	1
218
218	1
856
850	1
623
623	1
100
100	1
178
178	1
399
399	1
335
335	1
558
558	1
522
522	1
676
851	1
507
507	1
215
853	1
62
62	1
891
854	1
528
528	1
252
252	1
165
855	1
832
832	1
274
274	1
456
456	1
85
859	1
180
180	1
954
861	1
968
862	1
197
197	1
933
864	1
140
140	1
105
105	1
421
865	1
817
866	1
68
867	1
177
868	1
90
90	1
223
223	1
352
352	1
78
78	1
775
775	1
818
818	1
649
869	1
262
870	1
37
37	1
986
871	1
299
299	1
269
269	1
858
858	1
545
872	1
476
476	1
509
873	1
272
874	1
631
875	1
369
369	1
165
876	1
364
364	1
498
498	1
452
452	1
824
824	1
663
663	1
557
557	1
834
834	1
408
408	1
521
521	1
532
877	1
465
880	1
495
495	1
817
817	1
241
241	1
662
881	1
570
883	1
601
884	1
774
774	1
148
148	1
443
886	1
390
887	1
984
888	1
297
889	1
281
891	1
510
510	1
245
245	1
962
892	1
894
893	1
58
58	1
162
162	1
367
367	1
156
894	1
187
898	1
123
123	1
849
899	1
101
101	1
833
833	1
983
900	1
64
64	1
151
151	1
382
901	1
822
822	1
41
41	1
672
672	1
632
632	1
387
902	1
109
109	1
971
903	1
222
904	1
912
905	1
949
908	1
974
912	1
490
490	1
235
235	1
928
913	1
935
914	1
572
572	1
331
331	1
863
915	1
563
563	1
696
696	1
542
542	1
856
916	1
307
307	1
966
918	1
907
907	1
390
920	1
412
412	1
39
39	1
518
921	1
626
626	1
73
73	1
183
183	1
566
566	1
979
924	1
303
303	1
550
550	1
687
687	1
720
720	1
341
926	1
792
792	1
660
660	1
486
486	1
110
110	1
244
244	1
301
301	1
534
927	1
580
580	1
530
530	1
0
0	1
509
509	1
82
928	1
533
929	1
447
930	1
943
931	1
750
750	1
857
857	1
262
932	1
118
118	1
217
217	1
502
934	1
504
504	1
692
936	1
108
937	1
970
938	1
613
613	1
104
939	1
434
434	1
348
348	1
466
466	1
68
68	1
596
596	1
860
860	1
653
653	1
53
53	1
677
940	1
529
529	1
443
443	1
85
85	1
698
698	1
115
115	1
143
143	1
275
942	1
933
943	1
191
191	1
137
137	1
897
897	1
895
945	1
584
584	1
209
209	1
533
946	1
55
55	1
602
602	1
447
947	1
417
417	1
372
948	1
473
473	1
361
949	1
662
662	1
506
506	1
457
950	1
688
952	1
525
525	1
533
953	1
447
447	1
391
391	1
438
438	1
863
863	1
756
954	1
768
768	1
361
361	1
831
831	1
922
922	1
461
461	1
514
514	1
545
545	1
215
955	1
32
32	1
882
882	1
387
387	1
511
511	1
496
496	1
600
600	1
403
956	1
534
534	1
288
288	1
214
214	1
547
547	1
754
754	1
742
742	1
424
957	1
278
961	1
614
614	1
933
933	1
879
879	1
210
210	1
380
380	1
935
935	1
52
962	1
890
963	1
722
964	1
722
722	1
368
368	1
798
965	1
885
966	1
669
669	1
416
416	1
777
777	1
83
83	1
552
552	1
262
262	1
87
87	1
658
658	1
222
967	1
226
226	1
201
201	1
286
968	1
336
336	1
695
970	1
751
751	1
16
16	1
334
971	1
786
974	1
272
272	1
130
130	1
676
676	1
134
134	1
297
297	1
502
502	1
664
664	1
275
975	1
856
856	1
222
222	1
732
732	1
852
852	1
91
91	1
407
976	1
444
444	1
503
503	1
570
570	1
239
239	1
821
821	1
536
536	1
334
334	1
837
977	1
535
535	1
743
743	1
188
978	1
351
351	1
497
497	1
56
56	1
546
546	1
574
574	1
200
200	1
25
979	1
141
141	1
159
159	1
683
683	1
909
909	1
885
885	1
379
379	1
374
374	1
767
767	1
69
69	1
317
317	1
433
433	1
531
531	1
314
314	1
691
691	1
941
980	1
286
286	1
944
944	1
294
294	1
322
981	1
421
421	1
372
372	1
972
982	1
648
648	1
803
803	1
617
983	1
165
165	1
592
592	1
709
709	1
458
458	1
298
298	1
293
293	1
959
984	1
809
986	1
985
985	1
813
813	1
25
25	1
322
322	1
797
797	1
606
606	1
108
108	1
959
959	1
347
347	1
407
407	1
951
951	1
104
987	1
215
989	1
756
756	1
910
910	1
382
382	1
29
990	1
661
661	1
450
450	1
629
629	1
835
835	1
220
220	1
923
923	1
532
532	1
227
227	1
33
33	1
481
481	1
562
562	1
271
271	1
843
843	1
650
650	1
95
95	1
677
677	1
941
941	1
390
390	1
52
52	1
786
786	1
195
991	1
111
111	1
704
704	1
75
75	1
488
992	1
172
172	1
911
911	1
798
798	1
278
278	1
837
837	1
457
457	1
327
327	1
104
104	1
896
896	1
341
341	1
318
318	1
895
895	1
906
993	1
960
960	1
302
302	1
455
455	1
177
177	1
518
518	1
617
617	1
958
958	1
446
446	1
548
548	1
631
631	1
705
705	1
424
424	1
471
471	1
5
994	1
706
706	1
403
403	1
268
268	1
233
233	1
649
649	1
384
384	1
973
973	1
116
116	1
366
366	1
182
182	1
429
429	1
969
969	1
809
809	1
158
158	1
144
144	1
826
995	1
22
22	1
156
156	1
82
82	1
1
1	1
776
776	1
409
409	1
275
275	1
972
972	1
601
601	1
246
246	1
571
571	1
10
996	1
187
187	1
195
997	1
608
608	1
890
890	1
790
790	1
925
925	1
96
96	1
10
10	1
47
47	1
573
573	1
29
29	1
405
405	1
17
17	1
5
5	1
845
845	1
878
878	1
306
306	1
638
638	1
195
195	1
849
849	1
988
988	1
814
814	1
310
310	1
281
281	1
919
919	1
917
917	1
323
323	1
524
524	1
688
688	1
694
694	1
57
998	1
906
906	1
136
136	1
810
810	1
57
57	1
764
764	1
188
188	1
567
567	1
392
392	1
826
826	1
692
692	1
248
248	1
43
43	1
533
533	1
465
465	1
215
215	1
174
174	1
3
3	1
488
488	1
86
86	1
721
721	1
312
312	1
702
702	1
242
242	1
695
695	1
999
999	0
