5000
0	1
3418
4	1
3646
5	1
4850
9	1
1215
10	1
2352
11	1
232
12	1
3994
14	1
313
18	1
3362
19	1
55
21	1
3571
30	1
4738
32	1
2840
35	1
2513
41	1
2888
43	1
4797
44	1
687
45	1
2333
46	1
3892
48	1
2526
51	1
3251
52	1
747
53	1
2983
54	1
2401
55	1
2336
58	1
2442
59	1
3625
60	1
1423
61	1
654
62	1
914
65	1
805
66	1
1030
68	1
403
70	1
839
74	1
3894
77	1
4731
79	1
3338
82	1
2230
83	1
2344
84	1
2663
86	1
2337
88	1
3247
89	1
4909
92	1
3723
93	1
4800
94	1
463
96	1
24
24	1
442
99	1
2477
100	1
137
102	1
2950
105	1
3874
107	1
597
110	1
4433
113	1
3264
115	1
565
122	1
821
123	1
3437
131	1
4541
139	1
146
140	1
2822
141	1
1864
142	1
4125
143	1
724
147	1
4791
148	1
3884
149	1
1872
151	1
4220
152	1
3332
155	1
2690
157	1
852
171	1
1919
173	1
1773
174	1
3969
175	1
4678
177	1
2286
178	1
121
121	1
658
179	1
1696
180	1
4198
181	1
1585
183	1
1980
184	1
2528
185	1
3996
186	1
3305
191	1
4696
192	1
3993
193	1
863
195	1
3601
196	1
4515
200	1
3778
203	1
2921
205	1
3170
207	1
1387
210	1
1021
214	1
1147
219	1
3403
223	1
4000
224	1
4395
226	1
3516
227	1
907
230	1
1201
235	1
1954
236	1
3486
237	1
2849
239	1
1936
240	1
3192
242	1
1542
243	1
3560
245	1
3923
246	1
161
248	1
3670
249	1
982
250	1
1864
253	1
2892
255	1
3136
259	1
4364
260	1
4564
262	1
3829
269	1
1337
270	1
3439
274	1
3720
276	1
4027
277	1
391
282	1
324
285	1
3584
290	1
4089
295	1
4081
300	1
1899
306	1
321
307	1
34
34	1
3682
311	1
3986
312	1
4575
313	1
1037
314	1
1
319	1
4915
325	1
3968
327	1
2185
328	1
2712
333	1
2272
336	1
2689
341	1
2273
345	1
4006
347	1
4322
349	1
1346
351	1
3720
355	1
1987
356	1
16
357	1
3256
358	1
800
361	1
3112
362	1
2333
364	1
1392
369	1
2676
370	1
2033
373	1
1106
375	1
1987
378	1
478
380	1
4480
382	1
3507
384	1
3362
385	1
3187
387	1
1295
388	1
4070
390	1
4751
393	1
3986
394	1
4346
395	1
3885
396	1
1437
397	1
3339
399	1
1686
402	1
917
403	1
2790
405	1
1180
407	1
2034
408	1
2615
409	1
3615
412	1
911
420	1
3265
421	1
4547
424	1
841
431	1
3007
432	1
4152
434	1
1941
435	1
3687
436	1
4257
439	1
3586
440	1
272
272	1
471
441	1
3600
443	1
3998
447	1
4774
456	1
1047
458	1
576
460	1
2353
461	1
3386
464	1
3430
465	1
2980
468	1
4550
470	1
4348
471	1
4972
473	1
516
475	1
1071
477	1
1907
479	1
1582
486	1
2686
489	1
4150
494	1
1274
495	1
1978
496	1
1884
502	1
3316
505	1
257
513	1
4179
514	1
4846
516	1
2573
518	1
4708
520	1
2914
521	1
4254
523	1
854
525	1
3608
527	1
3961
528	1
4058
529	1
925
530	1
4633
531	1
3293
538	1
927
541	1
3052
545	1
3146
546	1
536
547	1
768
551	1
1441
553	1
972
555	1
2167
556	1
1414
557	1
3556
558	1
3567
559	1
2703
564	1
3777
565	1
4245
568	1
3134
571	1
935
572	1
493
493	1
3010
577	1
3100
578	1
3018
579	1
4504
581	1
4163
583	1
197
586	1
3547
588	1
1375
590	1
474
593	1
3504
594	1
2229
599	1
2177
601	1
2034
603	1
616
615	1
4142
616	1
2331
619	1
1579
621	1
2970
622	1
2240
626	1
4138
632	1
3718
635	1
225
637	1
4188
638	1
4279
639	1
4531
645	1
4508
647	1
3355
656	1
4740
657	1
389
658	1
897
661	1
4362
664	1
1893
667	1
415
668	1
3522
672	1
209
209	1
90
673	1
2694
679	1
1582
681	1
344
684	1
2256
687	1
1642
692	1
3811
694	1
2134
695	1
1096
697	1
25
698	1
2847
700	1
2336
701	1
4135
703	1
4498
705	1
2638
706	1
4171
711	1
4100
712	1
1323
715	1
326
326	1
910
719	1
3633
720	1
1560
722	1
4030
726	1
2022
729	1
4097
731	1
3841
732	1
4605
743	1
871
745	1
1367
747	1
1814
752	1
247
247	1
2612
757	1
271
758	1
4441
761	1
4641
762	1
1444
767	1
3278
774	1
1976
775	1
4886
776	1
2961
778	1
3891
782	1
2742
785	1
2890
786	1
1446
789	1
4233
798	1
1437
799	1
2843
805	1
4052
806	1
1501
807	1
2851
812	1
2864
816	1
2785
817	1
3226
820	1
3094
822	1
1314
825	1
1822
829	1
1068
830	1
3172
833	1
4079
834	1
339
836	1
2425
837	1
3699
841	1
1429
846	1
1809
850	1
3955
855	1
498
498	1
2859
856	1
3035
857	1
4683
858	1
3530
859	1
3459
860	1
194
194	1
2896
862	1
3533
863	1
4556
864	1
3316
866	1
4516
867	1
1665
869	1
1508
871	1
3840
872	1
4463
873	1
2745
874	1
2771
876	1
3825
878	1
4485
881	1
4465
882	1
4947
884	1
2925
888	1
4506
889	1
723
893	1
4499
895	1
2608
899	1
3718
904	1
1211
906	1
2546
908	1
1162
910	1
20
911	1
3699
912	1
4496
914	1
1585
919	1
4644
920	1
1172
921	1
3912
924	1
1444
926	1
2224
929	1
2026
930	1
386
932	1
4182
936	1
1324
937	1
322
938	1
742
940	1
1979
943	1
4374
946	1
2131
948	1
3891
949	1
2250
952	1
1237
955	1
4462
957	1
4357
960	1
215
215	1
3119
963	1
515
515	1
996
966	1
2364
974	1
2938
975	1
4849
978	1
2049
979	1
2155
980	1
4187
981	1
234
982	1
2236
983	1
3835
990	1
3741
991	1
3689
994	1
1264
995	1
1356
996	1
3450
997	1
2809
998	1
1976
999	1
3000
1000	1
1765
1001	1
3299
1002	1
4483
1003	1
2577
1006	1
4655
1009	1
2939
1011	1
1683
1014	1
497
1017	1
3056
1025	1
2960
1027	1
2804
1028	1
4889
1029	1
1102
1032	1
4030
1033	1
1119
1034	1
4826
1035	1
609
609	1
1338
1036	1
1870
1037	1
1138
1042	1
15
1047	1
329
329	1
3330
1048	1
4099
1052	1
2218
1056	1
2805
1057	1
1104
1065	1
422
422	1
2591
1067	1
2765
1068	1
442
442	1
2607
1072	1
1787
1073	1
2312
1078	1
25
25	1
109
1079	1
766
1087	1
1622
1093	1
985
985	1
1944
1095	1
401
1096	1
1179
1098	1
1589
1100	1
2359
1101	1
3299
1102	1
3681
1103	1
1993
1105	1
2206
1107	1
3839
1109	1
1409
1111	1
4878
1112	1
3577
1113	1
1210
1114	1
101
101	1
2855
1120	1
2167
1126	1
3472
1128	1
2213
1131	1
3403
1132	1
3181
1134	1
254
1137	1
372
372	1
3564
1138	1
3213
1140	1
3362
1143	1
4974
1145	1
2804
1147	1
2804
1153	1
3942
1154	1
1696
1156	1
4551
1157	1
4709
1158	1
4740
1159	1
1364
1162	1
4339
1163	1
2621
1166	1
363
363	1
4680
1167	1
1827
1173	1
4508
1175	1
504
1182	1
2274
1192	1
1644
1193	1
2780
1194	1
2112
1195	1
4650
1196	1
2463
1198	1
4042
1201	1
1665
1205	1
2628
1207	1
3677
1208	1
2758
1211	1
376
376	1
2296
1212	1
2529
1213	1
216
1217	1
717
1218	1
4520
1221	1
3302
1222	1
2625
1224	1
1580
1225	1
741
741	1
4897
1229	1
4043
1230	1
3172
1233	1
438
438	1
1570
1237	1
3814
1239	1
202
202	1
535
535	1
724
1241	1
2976
1243	1
2984
1247	1
4594
1248	1
1996
1249	1
3424
1251	1
2214
1253	1
20
1256	1
4414
1257	1
3968
1258	1
2466
1262	1
1046
1046	1
4106
1263	1
2356
1267	1
1724
1273	1
1958
1274	1
4006
1275	1
2731
1276	1
146
1280	1
1018
1281	1
469
1283	1
3681
1284	1
4051
1285	1
417
1287	1
1389
1290	1
318
318	1
3031
1291	1
2014
1294	1
4918
1295	1
2711
1297	1
1723
1302	1
2770
1303	1
4343
1304	1
1127
1127	1
3683
1305	1
4668
1313	1
1698
1315	1
3193
1316	1
1135
1135	1
2479
1317	1
3935
1318	1
3613
1319	1
1968
1324	1
4544
1328	1
4167
1329	1
4037
1331	1
2044
1340	1
4451
1341	1
3703
1342	1
754
1344	1
748
1345	1
1697
1347	1
2652
1348	1
2488
1349	1
4239
1353	1
2288
1354	1
2917
1355	1
2099
1356	1
984
1359	1
1687
1362	1
4884
1366	1
2580
1372	1
2571
1373	1
2100
1375	1
103
103	1
596
1377	1
2269
1378	1
4365
1380	1
2563
1382	1
3691
1384	1
344
1385	1
591
591	1
2808
1391	1
3349
1392	1
1021
1393	1
2462
1394	1
1223
1396	1
4043
1400	1
780
780	1
305
1402	1
127
1404	1
4273
1405	1
104
1407	1
3697
1408	1
1399
1413	1
2881
1414	1
1902
1417	1
2070
1418	1
423
1421	1
204
1425	1
1707
1430	1
1910
1432	1
415
1434	1
2032
1438	1
1453
1439	1
2355
1440	1
849
1442	1
3218
1444	1
234
234	1
1144
1144	1
2282
1445	1
2297
1446	1
1277
1449	1
1496
1452	1
3443
1453	1
3397
1454	1
4519
1455	1
1778
1459	1
630
1460	1
4058
1466	1
1881
1473	1
1973
1475	1
3612
1476	1
1949
1478	1
4936
1481	1
4996
1485	1
4131
1488	1
81
1491	1
1409
1492	1
4278
1498	1
1765
1502	1
918
918	1
2820
1503	1
150
150	1
652
1504	1
4360
1506	1
406
406	1
33
33	1
4561
1509	1
3463
1510	1
2710
1515	1
1
1517	1
1747
1518	1
2352
1519	1
1553
1523	1
2685
1526	1
4597
1527	1
3007
1529	1
2032
1530	1
3042
1533	1
392
392	1
3479
1537	1
2327
1538	1
4027
1539	1
1352
1544	1
928
928	1
2649
1546	1
2360
1548	1
211
211	1
756
756	1
1487
1487	1
710
1549	1
2379
1550	1
4374
1551	1
3447
1554	1
1219
1555	1
933
1556	1
1631
1558	1
3409
1559	1
2964
1565	1
4362
1569	1
2503
1571	1
2885
1572	1
917
1574	1
739
1578	1
1044
1582	1
4352
1586	1
284
284	1
1889
1587	1
1809
1594	1
1638
1596	1
2730
1599	1
330
1601	1
4910
1606	1
2641
1609	1
3087
1612	1
4064
1619	1
1104
1622	1
4207
1623	1
3809
1625	1
3059
1630	1
478
478	1
3329
1632	1
3504
1633	1
3287
1634	1
1951
1635	1
1464
1464	1
1130
1639	1
4360
1646	1
4146
1648	1
3995
1650	1
1358
1358	1
2281
1652	1
1692
1654	1
4211
1656	1
1463
1657	1
3805
1659	1
2512
1663	1
2367
1667	1
2823
1669	1
3885
1671	1
2302
1673	1
2267
1675	1
749
749	1
671
1677	1
3507
1678	1
827
827	1
3637
1680	1
2840
1682	1
504
1686	1
4238
1688	1
3514
1691	1
4848
1694	1
1234
1234	1
310
1696	1
1914
1698	1
1643
1699	1
1685
1700	1
4243
1702	1
4046
1703	1
2336
1705	1
1541
1541	1
2039
1706	1
1204
1708	1
67
67	1
2283
1710	1
1692
1713	1
324
1714	1
4101
1719	1
2305
1720	1
730
1723	1
1931
1724	1
683
1729	1
2754
1730	1
3837
1731	1
3431
1736	1
1228
1228	1
4825
1739	1
1810
1741	1
3976
1742	1
4379
1743	1
1604
1746	1
4778
1747	1
4055
1749	1
4405
1751	1
796
796	1
1472
1753	1
542
542	1
124
124	1
2692
1755	1
788
1756	1
2243
1757	1
2018
1763	1
3308
1764	1
2250
1765	1
4115
1766	1
2937
1769	1
897
897	1
4356
1772	1
1383
1774	1
1479
1479	1
2866
1778	1
868
868	1
4053
1781	1
1312
1783	1
2602
1785	1
1846
1786	1
725
725	1
2699
1788	1
293
1794	1
1906
1795	1
4542
1805	1
1422
1807	1
1888
1811	1
4887
1813	1
29
1816	1
1886
1817	1
4570
1818	1
4851
1820	1
2233
1824	1
3726
1826	1
3417
1828	1
3847
1830	1
4166
1831	1
2208
1832	1
554
1834	1
4007
1835	1
453
453	1
3506
1838	1
3929
1839	1
3824
1842	1
204
1843	1
2184
1845	1
3209
1846	1
1170
1847	1
2191
1849	1
1872
1852	1
3248
1854	1
164
164	1
2522
1855	1
730
1856	1
2946
1863	1
430
430	1
3529
1868	1
3317
1869	1
1681
1681	1
4722
1872	1
87
1874	1
3951
1875	1
2406
1879	1
4052
1881	1
2839
1884	1
933
933	1
3486
1885	1
2881
1886	1
4547
1888	1
4400
1889	1
292
292	1
323
1892	1
2975
1897	1
3633
1900	1
3663
1901	1
4466
1905	1
1896
1896	1
3203
1906	1
2727
1907	1
335
335	1
38
1909	1
4646
1910	1
426
1912	1
3282
1913	1
1483
1915	1
1684
1917	1
4437
1919	1
1339
1921	1
4479
1923	1
4212
1925	1
2577
1926	1
605
605	1
3442
1927	1
989
1928	1
3308
1947	1
182
182	1
1044
1044	1
2300
1950	1
3577
1953	1
2948
1955	1
1269
1958	1
3614
1959	1
4205
1964	1
322
1966	1
3340
1968	1
2393
1969	1
1967
1967	1
4127
1972	1
3662
1973	1
1060
1060	1
1499
1499	1
4703
1974	1
310
310	1
1615
1975	1
4250
1979	1
2699
1980	1
1883
1983	1
3062
1984	1
954
1988	1
2540
1989	1
4402
1990	1
4903
1992	1
4094
1994	1
4965
1995	1
208
1997	1
4154
1999	1
2402
2001	1
2454
2002	1
2900
2003	1
168
168	1
1461
2004	1
4861
2008	1
3352
2013	1
1676
2014	1
4946
2015	1
3543
2016	1
4954
2017	1
631
2019	1
3805
2021	1
1564
2022	1
627
627	1
3376
2025	1
663
2028	1
2992
2033	1
3579
2034	1
3120
2038	1
2726
2039	1
485
2040	1
238
2045	1
98
2046	1
4469
2049	1
238
238	1
2799
2050	1
1361
1361	1
2803
2052	1
383
383	1
4048
2054	1
2037
2057	1
3618
2058	1
4144
2059	1
1827
1827	1
3085
2064	1
2950
2065	1
848
2066	1
4864
2067	1
3416
2072	1
3671
2075	1
190
190	1
1508
1508	1
2031
2031	1
2925
2077	1
2555
2079	1
3922
2080	1
1626
1626	1
104
2081	1
4467
2083	1
1312
1312	1
4442
2092	1
1465
2093	1
3315
2095	1
3433
2097	1
3894
2098	1
2897
2102	1
4060
2104	1
3234
2108	1
4344
2109	1
4020
2110	1
4981
2114	1
3108
2118	1
3079
2119	1
4928
2120	1
4919
2121	1
1437
1437	1
1895
1895	1
2264
2124	1
129
2125	1
2122
2126	1
2181
2130	1
3344
2131	1
4428
2132	1
2261
2139	1
4420
2140	1
1012
1012	1
3145
2141	1
2175
2142	1
446
446	1
4993
2143	1
3183
2144	1
763
763	1
3084
2148	1
4152
2149	1
3281
2150	1
2271
2152	1
2894
2153	1
1122
2154	1
4515
2157	1
2023
2023	1
550
550	1
1645
1645	1
4101
2161	1
560
2162	1
1814
1814	1
1722
2163	1
2304
2166	1
1246
2167	1
410
2170	1
815
815	1
413
2175	1
2354
2176	1
976
2180	1
984
984	1
2269
2183	1
3027
2185	1
4892
2187	1
2661
2188	1
2091
2091	1
1615
1615	1
2600
2190	1
4911
2193	1
2406
2196	1
951
951	1
3953
2197	1
3405
2199	1
4994
2200	1
1589
1589	1
2780
2204	1
1750
2215	1
2174
2216	1
3130
2217	1
4863
2218	1
3666
2221	1
201
201	1
4792
2223	1
2485
2226	1
1242
2227	1
3846
2230	1
2785
2235	1
2337
2236	1
8
2238	1
2006
2241	1
1467
2242	1
2924
2247	1
2979
2257	1
3044
2258	1
3888
2263	1
2857
2266	1
3283
2270	1
2731
2279	1
4982
2280	1
4549
2281	1
2902
2282	1
644
644	1
3607
2284	1
116
116	1
501
2285	1
4588
2287	1
4438
2289	1
1614
1614	1
367
2291	1
3242
2295	1
1655
2303	1
625
625	1
1223
2305	1
1750
1750	1
3785
2306	1
2552
2309	1
708
708	1
3549
2310	1
1844
1844	1
1977
2316	1
1637
1637	1
4329
2323	1
4761
2327	1
2349
2328	1
3399
2330	1
1286
2332	1
2626
2333	1
4216
2336	1
3372
2337	1
2999
2340	1
1758
1758	1
2272
2272	1
1570
2341	1
2870
2342	1
3865
2343	1
3490
2346	1
901
2347	1
2178
2352	1
942
942	1
2311
2311	1
2426
2353	1
3739
2356	1
2458
2357	1
2206
2206	1
1577
2358	1
1697
2359	1
2255
2360	1
1292
1292	1
1501
1501	1
1306
1306	1
289
289	1
2806
2364	1
1236
1236	1
4507
2369	1
3504
2370	1
3831
2371	1
366
2373	1
1782
2374	1
2171
2376	1
1165
2377	1
2044
2378	1
1865
1865	1
1397
1397	1
3229
2380	1
462
462	1
2799
2381	1
3199
2382	1
959
2383	1
2816
2385	1
2168
2168	1
2
2	1
3196
2389	1
1802
1802	1
2644
2391	1
3855
2393	1
4803
2394	1
1395
1395	1
4517
2395	1
3517
2396	1
444
444	1
1489
2401	1
1465
2405	1
2005
2407	1
900
2409	1
1848
1848	1
118
118	1
1621
1621	1
3638
2410	1
1381
1381	1
4633
2411	1
1880
1880	1
3115
2415	1
2349
2418	1
3391
2421	1
567
2422	1
1560
2424	1
87
2426	1
4556
2430	1
766
2431	1
4078
2441	1
3346
2447	1
258
2449	1
133
2460	1
487
2461	1
2452
2452	1
4729
2463	1
1857
2469	1
1940
1940	1
425
425	1
3661
2470	1
3583
2471	1
2788
2472	1
308
308	1
1821
1821	1
4484
2479	1
2598
2481	1
2101
2483	1
512
2485	1
3500
2487	1
1023
2488	1
759
2490	1
650
2493	1
4317
2495	1
4199
2496	1
2756
2502	1
324
2507	1
4615
2511	1
3198
2514	1
2624
2515	1
1209
2516	1
2402
2520	1
2453
2521	1
3599
2523	1
3164
2528	1
2620
2531	1
2790
2532	1
3916
2538	1
4519
2542	1
1782
1782	1
189
189	1
3063
2543	1
415
415	1
2273
2547	1
2768
2548	1
4137
2550	1
2563
2552	1
2234
2234	1
4586
2553	1
1063
1063	1
2683
2555	1
2600
2558	1
4189
2559	1
4257
2560	1
1350
2562	1
3022
2565	1
3645
2567	1
1214
1214	1
835
835	1
4665
2568	1
1106
2569	1
4806
2572	1
3225
2573	1
3015
2574	1
2862
2583	1
1787
2584	1
1930
2590	1
818
2591	1
3589
2594	1
3157
2595	1
3178
2601	1
3104
2602	1
2137
2604	1
4489
2608	1
1261
2609	1
2096
2613	1
861
2615	1
4373
2616	1
3342
2618	1
2603
2603	1
2930
2620	1
3746
2622	1
4365
2623	1
2533
2625	1
3293
2629	1
1631
1631	1
1176
2630	1
1735
1735	1
977
2632	1
3214
2633	1
754
2634	1
3266
2635	1
1121
2638	1
2365
2365	1
2448
2448	1
2177
2640	1
3542
2642	1
4899
2645	1
4840
2646	1
2051
2051	1
206
2647	1
252
2649	1
1525
1525	1
4388
2651	1
4150
2653	1
2403
2655	1
2605
2661	1
4016
2662	1
1878
1878	1
2964
2663	1
1779
1779	1
4771
2664	1
2650
2666	1
4747
2667	1
2088
2088	1
1904
1904	1
4058
2669	1
4620
2672	1
4189
2675	1
4603
2676	1
1791
1791	1
552
552	1
2451
2677	1
2557
2557	1
1693
1693	1
3128
2679	1
1812
1812	1
3924
2682	1
976
2684	1
3345
2685	1
3386
2686	1
1604
2687	1
3071
2689	1
2173
2173	1
4500
2691	1
3350
2692	1
3854
2694	1
1978
2696	1
4002
2698	1
580
2700	1
2551
2551	1
2177
2177	1
2262
2702	1
342
342	1
304
304	1
365
2705	1
1458
2707	1
1364
1364	1
1255
2709	1
165
165	1
3520
2712	1
3792
2719	1
1058
2720	1
3680
2722	1
2060
2725	1
582
582	1
3420
2726	1
4796
2727	1
1918
2729	1
4756
2730	1
490
2731	1
4595
2734	1
540
2735	1
1728
2738	1
499
2739	1
1899
1899	1
4716
2740	1
4699
2744	1
1069
2745	1
3705
2746	1
503
2750	1
1472
1472	1
3741
2754	1
4681
2755	1
4826
2756	1
1160
2757	1
334
334	1
492
2758	1
229
229	1
2261
2759	1
1323
2760	1
2158
2158	1
1238
1238	1
2129
2129	1
4303
2762	1
4218
2764	1
3752
2766	1
4178
2769	1
1809
1809	1
3661
2770	1
4028
2775	1
2324
2324	1
3406
2781	1
724
2783	1
3026
2786	1
3844
2792	1
671
671	1
4147
2793	1
2201
2201	1
2165
2794	1
2929
2796	1
2979
2799	1
1346
1346	1
1296
2801	1
291
2803	1
3463
2804	1
1219
2805	1
1836
1836	1
4441
2809	1
3700
2811	1
3063
2813	1
744
744	1
3895
2814	1
3962
2815	1
2202
2202	1
4913
2816	1
4954
2821	1
1595
1595	1
1403
1403	1
413
2823	1
1721
1721	1
1246
2827	1
602
2828	1
2194
2829	1
3953
2833	1
4952
2836	1
3192
2842	1
1419
2844	1
885
885	1
73
2847	1
654
2848	1
1016
2851	1
2436
2853	1
3654
2854	1
1270
1270	1
1674
2855	1
1861
2859	1
4360
2861	1
3214
2864	1
40
40	1
4181
2865	1
4265
2869	1
843
2870	1
624
624	1
849
2873	1
2582
2582	1
753
753	1
3245
2875	1
4567
2877	1
4845
2880	1
1505
1505	1
1489
1489	1
1119
1119	1
4468
2882	1
891
891	1
1232
1232	1
31
2890	1
2099
2099	1
4883
2891	1
2802
2802	1
1715
2893	1
1424
1424	1
4488
2895	1
1242
2896	1
4052
2897	1
4550
2899	1
3311
2900	1
159
159	1
2631
2631	1
2480
2909	1
4582
2910	1
1902
1902	1
3062
2911	1
631
2912	1
3149
2914	1
4938
2917	1
2244
2244	1
2246
2246	1
1799
2919	1
4218
2920	1
986
2923	1
3950
2924	1
1573
1573	1
909
2925	1
831
831	1
1139
1139	1
1516
1516	1
20
2927	1
2780
2929	1
2082
2930	1
1613
1613	1
3787
2932	1
3564
2933	1
4485
2935	1
3066
2936	1
2030
2937	1
826
826	1
2765
2765	1
449
449	1
3349
2939	1
350
350	1
1771
2940	1
1136
1136	1
4780
2941	1
1336
2942	1
3515
2943	1
4352
2945	1
2617
2617	1
3957
2947	1
1933
1933	1
4199
2949	1
4794
2951	1
4910
2953	1
2681
2955	1
2101
2101	1
794
794	1
2269
2269	1
4398
2956	1
1552
2957	1
2296
2296	1
2715
2715	1
3271
2959	1
4155
2960	1
677
677	1
2053
2053	1
2524
2524	1
3689
2964	1
3272
2967	1
2621
2969	1
360
2970	1
1560
2971	1
3695
2972	1
4125
2976	1
244
244	1
3080
2977	1
540
2978	1
3934
2979	1
2207
2207	1
1922
1922	1
1561
1561	1
3158
2981	1
560
2983	1
2733
2985	1
3090
2987	1
2512
2988	1
2874
2989	1
764
2991	1
3718
2993	1
3174
2994	1
2898
2898	1
2068
2998	1
3961
2999	1
1553
3000	1
2136
2136	1
3665
3001	1
233
233	1
2697
2697	1
4512
3002	1
4888
3007	1
251
251	1
3168
3008	1
4188
3009	1
1223
3011	1
3746
3014	1
208
208	1
3752
3016	1
2313
3017	1
1203
3018	1
693
3021	1
1593
1593	1
1998
1998	1
3711
3023	1
1709
1709	1
3682
3024	1
1015
1015	1
2934
3026	1
1996
1996	1
213
213	1
2598
3027	1
4213
3032	1
4300
3034	1
4507
3035	1
3003
3003	1
3987
3038	1
3714
3039	1
3968
3040	1
1108
1108	1
4726
3042	1
2652
2652	1
1406
3043	1
3340
3044	1
4821
3046	1
2398
3047	1
1388
3049	1
1412
1412	1
2209
3051	1
3411
3054	1
3250
3055	1
160
3056	1
3349
3057	1
537
537	1
3996
3059	1
3528
3061	1
2335
2335	1
765
765	1
3393
3065	1
3798
3066	1
1642
3068	1
670
3070	1
366
3072	1
4063
3073	1
849
849	1
78
78	1
3060
3060	1
3146
3077	1
4066
3078	1
810
810	1
427
3079	1
1150
3083	1
1165
1165	1
3514
3086	1
865
865	1
401
401	1
2592
3089	1
2492
3090	1
1148
3091	1
3642
3092	1
144
144	1
3275
3093	1
1431
3094	1
3696
3095	1
2990
3099	1
1725
3102	1
2276
2276	1
3860
3104	1
4555
3106	1
1819
1819	1
2566
3107	1
4832
3112	1
2018
3113	1
961
961	1
1890
1890	1
3203
3117	1
1528
1528	1
3037
3118	1
3098
3098	1
973
3119	1
170
170	1
404
3120	1
4117
3121	1
188
3122	1
628
3123	1
1592
1592	1
3719
3124	1
3890
3125	1
2433
3128	1
2838
3130	1
4552
3133	1
3285
3135	1
2220
3136	1
4923
3138	1
675
675	1
2094
3139	1
2858
3143	1
3639
3145	1
2349
3147	1
4117
3148	1
4745
3149	1
714
714	1
1640
3152	1
1937
3156	1
4865
3157	1
3426
3159	1
2468
2468	1
454
454	1
4334
3163	1
4791
3164	1
3593
3167	1
1007
1007	1
1903
1903	1
2222
2222	1
2147
3168	1
3843
3169	1
4478
3171	1
4769
3172	1
2105
2105	1
3683
3174	1
4276
3175	1
3839
3176	1
156
3177	1
1641
3180	1
4449
3181	1
1152
3183	1
1185
1185	1
85
3184	1
4340
3191	1
2457
3195	1
1420
1420	1
217
3196	1
2621
3198	1
1462
3199	1
809
809	1
1956
3200	1
1133
3201	1
4925
3202	1
1511
3203	1
4196
3204	1
2134
2134	1
3207
3207	1
2492
2492	1
2268
3209	1
1469
1469	1
1866
3210	1
2791
3212	1
2637
3213	1
1080
1080	1
1841
1841	1
2886
3214	1
3905
3215	1
4229
3216	1
2213
2213	1
1172
1172	1
3411
3217	1
1041
3220	1
964
3222	1
1798
1798	1
1161
3223	1
3058
3058	1
2432
2432	1
1579
1579	1
1371
3225	1
4626
3226	1
2907
3227	1
4222
3228	1
4422
3233	1
1456
1456	1
4734
3238	1
2577
2577	1
3841
3241	1
3564
3242	1
3297
3245	1
536
3248	1
2777
2777	1
967
3250	1
4284
3251	1
1423
3252	1
4448
3255	1
2245
2245	1
2908
3256	1
4080
3259	1
4336
3260	1
2592
3261	1
3370
3262	1
3101
3263	1
1389
1389	1
2338
2338	1
3805
3264	1
2862
2862	1
1416
1416	1
1383
3267	1
2408
2408	1
3712
3270	1
1935
3272	1
3004
3004	1
2894
2894	1
1483
1483	1
1570
3276	1
2504
2504	1
4065
3279	1
2830
3280	1
241
241	1
2349
3281	1
2010
3282	1
2776
2776	1
3442
3283	1
4715
3284	1
3266
3285	1
485
485	1
2838
3291	1
1930
1930	1
4127
3294	1
2644
3297	1
3955
3299	1
4585
3301	1
2179
3302	1
1082
1082	1
2100
3304	1
3208
3208	1
3071
3071	1
437
437	1
2580
3306	1
670
670	1
228
228	1
1638
3307	1
1689
1689	1
584
584	1
818
818	1
611
3308	1
3165
3310	1
1255
1255	1
3521
3311	1
2984
2984	1
3761
3316	1
1245
3317	1
4156
3319	1
4906
3321	1
1522
1522	1
3947
3322	1
1215
3324	1
4807
3326	1
2165
3327	1
1018
1018	1
813
3330	1
4206
3331	1
4110
3336	1
3036
3338	1
1092
1092	1
4991
3339	1
3652
3345	1
2926
3346	1
3020
3020	1
678
678	1
4609
3347	1
4773
3349	1
1450
1450	1
3041
3041	1
813
3351	1
953
953	1
795
795	1
2907
2907	1
1986
3352	1
4322
3353	1
187
187	1
3764
3354	1
1427
3355	1
1894
3356	1
3470
3357	1
4455
3358	1
3605
3361	1
4789
3363	1
4142
3364	1
297
3366	1
4103
3372	1
4353
3373	1
4779
3374	1
2785
2785	1
4230
3378	1
261
3379	1
3664
3382	1
2368
3383	1
1697
3384	1
2416
3385	1
1322
3388	1
1893
3389	1
3564
3392	1
1094
1094	1
532
3395	1
1581
1581	1
3295
3396	1
3812
3397	1
1045
3398	1
2918
2918	1
4534
3399	1
1837
3402	1
1019
3403	1
7
3404	1
4988
3405	1
4438
3406	1
2089
2089	1
1398
1398	1
2624
2624	1
1307
1307	1
3572
3408	1
3509
3409	1
3522
3412	1
748
748	1
1091
1091	1
1250
1250	1
4047
3413	1
1775
1775	1
2612
2612	1
977
977	1
1799
1799	1
4731
3414	1
3644
3415	1
4616
3416	1
1864
1864	1
4278
3418	1
4983
3422	1
3774
3430	1
1388
3434	1
844
844	1
117
117	1
4777
3435	1
917
917	1
156
156	1
1685
1685	1
2884
3436	1
2512
2512	1
4385
3438	1
2475
2475	1
4025
3441	1
1271
3443	1
482
482	1
4196
3444	1
136
136	1
4553
3445	1
1054
3448	1
4883
3452	1
4332
3453	1
2012
3454	1
2440
2440	1
965
3457	1
2846
3458	1
2611
2611	1
2482
2482	1
2934
3459	1
161
3460	1
2082
2082	1
145
145	1
2798
2798	1
1369
3461	1
3494
3463	1
693
3464	1
4862
3466	1
3360
3360	1
1026
1026	1
4131
3469	1
2116
2116	1
1815
3470	1
483
483	1
49
3476	1
47
47	1
1117
3479	1
2973
2973	1
374
3480	1
332
3481	1
1943
1943	1
1415
3482	1
4212
3483	1
286
286	1
620
3485	1
4690
3487	1
3082
3082	1
1932
1932	1
3756
3491	1
1399
3492	1
2570
2570	1
3045
3045	1
1796
1796	1
685
3493	1
4147
3494	1
3799
3499	1
2009
2009	1
1754
3501	1
4180
3502	1
3900
3506	1
1151
3507	1
713
3509	1
1310
1310	1
1286
1286	1
36
36	1
1738
3510	1
3333
3511	1
4601
3513	1
2094
3514	1
4399
3520	1
331
331	1
4350
3521	1
861
861	1
258
3524	1
1081
1081	1
4953
3525	1
4406
3526	1
172
172	1
1850
3527	1
1752
3530	1
2037
2037	1
4848
3531	1
158
3532	1
1636
1636	1
2103
3533	1
38
3534	1
4944
3536	1
740
3537	1
1745
3539	1
4004
3541	1
4436
3542	1
3244
3543	1
1409
3544	1
2903
2903	1
4889
3546	1
3973
3548	1
391
3549	1
2007
3550	1
398
398	1
4621
3552	1
3863
3555	1
3224
3556	1
2509
2509	1
1335
3559	1
1661
1661	1
4117
3560	1
49
3563	1
4406
3564	1
4621
3568	1
3695
3571	1
4565
3575	1
20
3577	1
935
3579	1
451
3582	1
2650
3584	1
1887
1887	1
4292
3585	1
1169
1169	1
2628
3586	1
4194
3587	1
23
23	1
2600
3590	1
2690
3591	1
649
3593	1
2043
3594	1
56
56	1
1168
1168	1
1477
3595	1
1004
3597	1
4191
3599	1
4058
3601	1
3736
3604	1
2540
3606	1
3653
3609	1
2192
2192	1
2883
3611	1
2478
2478	1
1467
1467	1
1089
3612	1
2795
3614	1
519
519	1
3350
3350	1
3573
3573	1
2459
3615	1
2165
2165	1
466
466	1
1563
3617	1
2138
2138	1
3367
3367	1
2905
2905	1
1123
1123	1
4909
3618	1
3679
3619	1
2747
2747	1
3153
3153	1
1591
1591	1
3488
3488	1
4807
3621	1
2774
2774	1
548
548	1
3064
3064	1
1647
3622	1
4173
3623	1
3589
3624	1
4979
3626	1
161
3627	1
3607
3607	1
3478
3478	1
1321
1321	1
4786
3628	1
1180
1180	1
4956
3629	1
1733
1733	1
166
166	1
71
71	1
1186
1186	1
3851
3633	1
3642
3635	1
1692
1692	1
3522
3522	1
3134
3636	1
2443
3639	1
3344
3641	1
64
3642	1
1651
1651	1
3503
3503	1
4909
3644	1
2210
3645	1
4589
3647	1
2368
2368	1
1265
1265	1
3140
3140	1
1726
3649	1
1497
1497	1
2866
2866	1
4265
3650	1
702
3652	1
1977
1977	1
3600
3653	1
2491
2491	1
1803
1803	1
813
813	1
2926
2926	1
819
3654	1
2670
3657	1
4634
3658	1
1279
1279	1
4700
3662	1
2901
2901	1
4632
3663	1
4529
3664	1
2690
2690	1
2915
2915	1
674
3668	1
129
129	1
120
3669	1
1008
1008	1
4241
3670	1
3315
3671	1
3879
3672	1
598
598	1
160
3673	1
2251
2251	1
339
339	1
353
3675	1
3315
3676	1
2885
3677	1
2198
2198	1
3114
3678	1
4025
3682	1
4445
3684	1
4984
3686	1
4321
3687	1
8
3688	1
204
3689	1
1822
1822	1
4636
3690	1
847
3692	1
1209
1209	1
1727
1727	1
1760
3696	1
630
3697	1
735
3698	1
4830
3700	1
2954
2954	1
1370
3701	1
2456
3702	1
1322
1322	1
851
3703	1
134
134	1
4750
3704	1
1089
1089	1
1062
1062	1
3387
3705	1
569
569	1
4682
3706	1
4359
3707	1
3767
3712	1
3891
3713	1
2274
2274	1
3410
3410	1
1436
3714	1
2228
2228	1
959
3715	1
4677
3716	1
2711
2711	1
2946
3717	1
320
3718	1
4467
3719	1
4377
3721	1
4272
3724	1
3429
3429	1
1894
1894	1
3954
3725	1
98
98	1
2723
2723	1
2641
3726	1
2425
2425	1
3667
3727	1
1624
3730	1
359
359	1
4032
3731	1
1419
1419	1
964
964	1
4834
3734	1
956
3737	1
4608
3741	1
2728
3742	1
2436
3744	1
2043
3745	1
4591
3746	1
4833
3747	1
651
3750	1
4454
3751	1
2063
2063	1
1532
3753	1
469
469	1
4774
3755	1
1939
3756	1
3710
3757	1
905
905	1
3578
3758	1
2610
3759	1
2179
2179	1
3829
3760	1
2654
2654	1
1493
1493	1
3788
3762	1
4705
3764	1
2576
2576	1
1860
1860	1
1334
1334	1
3368
3368	1
3732
3766	1
3557
3557	1
2445
2445	1
2670
2670	1
992
992	1
1618
3767	1
1016
3772	1
2386
3774	1
297
3775	1
2397
3776	1
4973
3777	1
353
353	1
3796
3778	1
1715
1715	1
445
445	1
1260
3780	1
3801
3781	1
4243
3782	1
1962
3786	1
696
3787	1
1937
1937	1
4906
3791	1
4645
3792	1
4040
3793	1
3960
3794	1
1148
3795	1
3173
3796	1
1433
1433	1
2749
2749	1
3232
3232	1
2586
2586	1
3314
3314	1
1447
3797	1
1152
1152	1
4799
3798	1
597
597	1
338
3800	1
4076
3804	1
2549
2549	1
702
3805	1
3655
3807	1
1226
1226	1
828
828	1
2888
2888	1
993
993	1
2876
2876	1
596
3813	1
2334
2334	1
4196
3814	1
511
3816	1
682
682	1
3269
3269	1
1664
1664	1
4331
3818	1
487
487	1
1507
1507	1
3995
3819	1
1443
3820	1
4834
3822	1
1179
1179	1
324
3826	1
1411
1411	1
3110
3110	1
4425
3827	1
2435
2435	1
4553
3828	1
2286
2286	1
2636
3831	1
3655
3832	1
4730
3833	1
4108
3834	1
797
3835	1
104
3836	1
1690
1690	1
3313
3313	1
3643
3837	1
954
954	1
4894
3841	1
927
927	1
1016
3842	1
1059
1059	1
4146
3843	1
2298
3844	1
1611
1611	1
2267
2267	1
3386
3386	1
2668
3845	1
1130
1130	1
602
602	1
2071
3846	1
8
8	1
1620
1620	1
2737
2737	1
3265
3265	1
199
3848	1
4505
3849	1
1254
1254	1
3643
3851	1
1670
1670	1
3471
3471	1
2858
3853	1
808
808	1
17
3854	1
106
106	1
2239
2239	1
4151
3855	1
1608
1608	1
2990
3856	1
4507
3859	1
1293
1293	1
4799
3860	1
3732
3732	1
2074
2074	1
2904
3861	1
476
476	1
1183
3863	1
4152
3865	1
4348
3868	1
4730
3870	1
42
42	1
3523
3871	1
788
3872	1
4618
3873	1
3312
3312	1
4014
3874	1
2062
3875	1
3561
3561	1
3151
3151	1
3922
3878	1
4019
3880	1
3588
3588	1
4529
3881	1
4800
3884	1
4209
3885	1
3376
3887	1
2073
3890	1
3498
3498	1
2695
2695	1
4174
3895	1
2887
2887	1
2751
3896	1
4557
3897	1
2659
2659	1
2536
3898	1
821
821	1
2742
3899	1
2958
3903	1
37
3904	1
296
296	1
1075
1075	1
3323
3323	1
653
3905	1
377
377	1
4765
3906	1
4076
3907	1
1202
1202	1
922
3908	1
3862
3909	1
3231
3911	1
1965
3913	1
2301
2301	1
508
508	1
539
3915	1
1367
1367	1
4292
3917	1
2339
2339	1
4412
3918	1
3894
3919	1
1644
3920	1
606
606	1
1030
3921	1
704
704	1
4507
3923	1
3298
3926	1
374
374	1
2366
3928	1
3616
3616	1
3287
3287	1
3275
3275	1
1560
1560	1
4321
3933	1
2372
3935	1
3116
3937	1
4969
3941	1
3519
3519	1
1534
1534	1
2835
3942	1
2527
2527	1
4591
3944	1
852
852	1
4215
3945	1
3857
3946	1
3978
3949	1
3914
3950	1
2255
3953	1
3517
3517	1
371
371	1
3440
3440	1
2522
2522	1
3197
3954	1
2688
3962	1
1351
3963	1
628
3967	1
3749
3749	1
2458
2458	1
800
800	1
1851
3968	1
3996
3970	1
1423
3972	1
2728
3974	1
2112
2112	1
1133
3975	1
3927
3927	1
2115
2115	1
4792
3976	1
2265
3977	1
2835
2835	1
3236
3236	1
1458
1458	1
4826
3978	1
2857
2857	1
2510
2510	1
4419
3979	1
4334
3980	1
2884
3983	1
3754
3984	1
4045
3985	1
2526
3987	1
1961
3990	1
4334
3991	1
4078
3993	1
75
75	1
1124
3994	1
2838
2838	1
4341
3996	1
1428
1428	1
97
97	1
4186
3998	1
3695
3695	1
2029
2029	1
294
294	1
676
3999	1
3087
4000	1
1760
1760	1
2605
4002	1
524
524	1
4885
4003	1
3161
4004	1
4808
4005	1
3570
3570	1
2501
4006	1
344
344	1
509
4007	1
4926
4008	1
4600
4010	1
4584
4011	1
3257
3257	1
287
4012	1
1288
1288	1
167
167	1
17
4013	1
1023
4014	1
404
4015	1
2106
4016	1
587
587	1
1360
1360	1
1891
1891	1
4439
4017	1
4123
4018	1
2262
2262	1
4542
4021	1
4806
4022	1
4993
4024	1
2871
4025	1
3182
3182	1
4964
4026	1
1600
1600	1
2203
4028	1
3165
3165	1
1117
1117	1
3882
3882	1
4124
4030	1
3376
4032	1
3789
3789	1
3886
3886	1
1330
1330	1
4433
4038	1
740
4040	1
676
676	1
1470
4041	1
3132
3132	1
1188
1188	1
3127
3127	1
1577
1577	1
4095
4042	1
4736
4043	1
1369
4044	1
3680
3680	1
3052
3052	1
4450
4045	1
4125
4046	1
734
734	1
1971
4051	1
3417
3417	1
3037
3037	1
2790
2790	1
3400
3400	1
254
4053	1
1083
4057	1
4379
4058	1
1181
1181	1
3433
3433	1
2397
4059	1
575
575	1
1264
4060	1
1477
4062	1
3266
4063	1
3348
3348	1
188
188	1
204
4065	1
1320
4066	1
962
962	1
3693
3693	1
3936
4068	1
3240
4070	1
526
526	1
4693
4071	1
1936
4074	1
3234
4076	1
699
699	1
3116
3116	1
683
4079	1
4882
4080	1
2055
4081	1
1804
1804	1
2348
4082	1
3268
3268	1
629
629	1
3666
4083	1
3497
4084	1
3467
3467	1
154
4086	1
4576
4088	1
3450
3450	1
517
517	1
1374
4089	1
544
544	1
595
595	1
1074
1074	1
3465
4091	1
2043
4094	1
2534
4096	1
4915
4097	1
4960
4098	1
3528
3528	1
120
4099	1
3496
3496	1
4187
4100	1
400
400	1
4926
4101	1
4266
4102	1
2500
4103	1
317
4106	1
204
204	1
3247
3247	1
3053
3053	1
787
787	1
2209
2209	1
1203
1203	1
3246
4108	1
3087
4109	1
2387
4110	1
1339
1339	1
2763
4111	1
4668
4112	1
3474
4113	1
1085
1085	1
4678
4115	1
3500
3500	1
4852
4117	1
1948
4119	1
1590
1590	1
4899
4121	1
4549
4122	1
2928
2928	1
3475
3475	1
2536
2536	1
4736
4124	1
650
4126	1
2500
2500	1
1861
4128	1
2534
4129	1
429
429	1
1199
1199	1
3109
3109	1
1617
1617	1
887
4130	1
2716
4132	1
1797
4135	1
1934
4136	1
3910
4139	1
3783
3783	1
1083
4141	1
2294
4142	1
1184
1184	1
4033
4033	1
1227
4143	1
4447
4145	1
3659
3659	1
338
338	1
3137
4146	1
3075
3075	1
2268
2268	1
261
261	1
4776
4147	1
2293
4153	1
3699
3699	1
1383
4154	1
433
4155	1
3
4156	1
2026
4157	1
2733
4158	1
1575
1575	1
1500
4160	1
750
750	1
305
305	1
4383
4161	1
1264
1264	1
663
4162	1
2232
2232	1
1486
4165	1
3062
3062	1
1658
4170	1
4532
4171	1
2530
2530	1
566
4172	1
2133
4173	1
2913
2913	1
3986
4174	1
1332
1332	1
1986
4176	1
4726
4177	1
3858
3858	1
4069
4178	1
1941
1941	1
4227
4179	1
870
4180	1
3578
3578	1
4304
4181	1
4049
4182	1
135
4185	1
4598
4186	1
4638
4187	1
4169
4188	1
3076
4189	1
589
589	1
4979
4191	1
3637
3637	1
3656
3656	1
3067
4196	1
1978
1978	1
3421
3421	1
4497
4198	1
1189
1189	1
1801
1801	1
2592
2592	1
4433
4199	1
680
680	1
95
95	1
3600
3600	1
3997
3997	1
653
4200	1
4310
4201	1
4271
4202	1
3315
3315	1
1718
1718	1
2556
4204	1
1235
1235	1
3736
3736	1
3728
4207	1
163
4208	1
4884
4209	1
3583
3583	1
4596
4210	1
3015
4211	1
4790
4213	1
1150
4214	1
1532
1532	1
2808
2808	1
4816
4216	1
2147
2147	1
894
894	1
301
301	1
2127
2127	1
3779
4217	1
4512
4219	1
2273
2273	1
4727
4220	1
3651
3651	1
4960
4221	1
3266
3266	1
216
216	1
1952
1952	1
1054
1054	1
3603
4224	1
4529
4227	1
768
4230	1
2826
4232	1
892
4233	1
2195
4234	1
3187
4236	1
3387
4237	1
1792
1792	1
2484
4238	1
2772
2772	1
3771
3771	1
4212
4212	1
2863
4239	1
1010
4240	1
4724
4242	1
2863
4245	1
2789
2789	1
2172
4246	1
3902
3902	1
3900
3900	1
2706
2706	1
169
169	1
1825
1825	1
4884
4247	1
950
950	1
4396
4248	1
4322
4250	1
3961
3961	1
2318
2318	1
1638
1638	1
4652
4252	1
3197
3197	1
3910
3910	1
4726
4253	1
76
76	1
2042
2042	1
2678
4254	1
4203
4203	1
3864
3864	1
3891
3891	1
4702
4255	1
2819
2819	1
4244
4244	1
2326
4256	1
3359
4258	1
3916
4259	1
1627
1627	1
4085
4085	1
1448
1448	1
4023
4023	1
463
4260	1
3674
4263	1
713
713	1
2252
2252	1
4382
4264	1
120
120	1
2304
2304	1
2320
4265	1
4289
4266	1
1296
4267	1
2486
4268	1
1020
1020	1
57
57	1
3825
4270	1
4300
4271	1
2224
2224	1
1376
1376	1
1945
4273	1
15
15	1
2428
4275	1
2906
4277	1
4408
4278	1
2830
4281	1
2526
2526	1
4206
4206	1
4388
4282	1
3876
3876	1
4855
4286	1
693
4287	1
4294
4288	1
3934
4290	1
4328
4291	1
1021
4293	1
739
4294	1
2506
2506	1
1323
1323	1
4090
4295	1
3631
3631	1
3602
4296	1
132
132	1
1810
4299	1
724
4302	1
2980
4303	1
1566
1566	1
659
659	1
1873
1873	1
791
791	1
1850
1850	1
2564
2564	1
886
4305	1
4036
4036	1
3218
4308	1
1125
4310	1
4867
4312	1
3126
4313	1
3211
3211	1
163
4314	1
4407
4315	1
2952
2952	1
2753
4316	1
2164
2164	1
1422
1422	1
1562
4318	1
3380
4319	1
2107
2107	1
348
348	1
463
4320	1
256
4321	1
3273
4322	1
4095
4325	1
1022
1022	1
3451
3451	1
512
512	1
3473
3473	1
1115
1115	1
1016
1016	1
1053
1053	1
3234
3234	1
4378
4326	1
4760
4328	1
1490
1490	1
3292
4329	1
279
4330	1
1216
4331	1
613
613	1
1616
1616	1
628
628	1
2453
4333	1
3424
3424	1
4606
4334	1
728
728	1
3012
3012	1
3293
3293	1
4361
4335	1
2849
2849	1
702
702	1
4414
4337	1
321
321	1
4054
4054	1
2073
2073	1
4831
4338	1
4658
4340	1
3187
3187	1
3602
3602	1
1761
4341	1
1898
1898	1
1129
1129	1
3581
3581	1
1435
1435	1
128
128	1
1
4343	1
4031
4031	1
4934
4344	1
256
256	1
501
4347	1
651
4348	1
686
4349	1
1171
1171	1
428
4350	1
1513
1513	1
2473
2473	1
3995
3995	1
648
648	1
2717
2717	1
133
133	1
3643
3643	1
2566
4351	1
939
4352	1
2434
2434	1
4869
4354	1
2465
2465	1
1480
4355	1
848
4358	1
4398
4361	1
2499
2499	1
3883
4362	1
4150
4363	1
3924
3924	1
4353
4353	1
4531
4364	1
2721
2721	1
1223
1223	1
3489
3489	1
4706
4367	1
3790
4368	1
3765
4369	1
939
939	1
343
4371	1
3932
3932	1
3648
3648	1
3529
3529	1
2137
4372	1
641
641	1
890
890	1
2556
2556	1
4927
4377	1
3799
3799	1
4977
4378	1
4133
4379	1
4869
4381	1
3562
4382	1
2525
2525	1
4149
4149	1
1097
1097	1
4713
4389	1
4717
4390	1
3738
3738	1
484
484	1
2990
2990	1
562
562	1
3862
3862	1
724
4391	1
3940
4395	1
3916
3916	1
733
4396	1
4885
4399	1
4716
4401	1
2840
2840	1
3523
4402	1
784
4403	1
3036
4406	1
1643
4408	1
4639
4410	1
4460
4411	1
2660
4412	1
488
4415	1
2248
2248	1
1040
4416	1
199
4417	1
1261
1261	1
691
691	1
1970
1970	1
1603
1603	1
404
404	1
1326
1326	1
3370
3370	1
1684
1684	1
3869
4418	1
3740
3740	1
112
4419	1
4035
4035	1
2113
2113	1
4862
4420	1
3773
3773	1
222
222	1
3425
3425	1
642
642	1
4397
4422	1
1829
4425	1
2325
2325	1
674
4428	1
1745
1745	1
608
4430	1
976
4433	1
1299
1299	1
1859
1859	1
696
696	1
1496
4434	1
2544
4435	1
1962
4437	1
2345
4439	1
4628
4440	1
2619
2619	1
2822
4441	1
1496
4442	1
4743
4443	1
3824
4445	1
4989
4446	1
2159
2159	1
1545
1545	1
4678
4448	1
788
788	1
322
4453	1
4332
4332	1
4539
4454	1
3337
4455	1
4421
4421	1
4587
4456	1
451
451	1
2621
2621	1
3100
4457	1
1567
1567	1
2100
2100	1
2087
2087	1
3446
3446	1
811
811	1
3720
3720	1
2043
2043	1
3847
3847	1
1351
1351	1
4744
4460	1
4394
4463	1
721
721	1
4387
4387	1
2922
2922	1
2931
4464	1
206
206	1
4249
4249	1
2879
2879	1
3231
3231	1
2845
2845	1
2404
4466	1
2076
2076	1
1242
1242	1
2566
4467	1
2208
2208	1
770
4468	1
1030
4469	1
4452
4472	1
463
463	1
4276
4473	1
2545
2545	1
2606
4477	1
474
474	1
709
709	1
4150
4150	1
3033
4478	1
1585
1585	1
4611
4480	1
2265
2265	1
654
654	1
3193
3193	1
3084
3084	1
4700
4481	1
4883
4483	1
3508
4484	1
3931
3931	1
3295
3295	1
1665
4485	1
2839
2839	1
3735
3735	1
340
340	1
4690
4486	1
620
4487	1
1960
4488	1
2128
2128	1
4292
4292	1
2480
4489	1
3943
3943	1
3230
4490	1
4951
4491	1
4047
4493	1
4970
4495	1
3566
4496	1
3558
4498	1
4107
4107	1
3640
4499	1
1570
1570	1
3173
4500	1
1084
1084	1
4047
4501	1
3992
3992	1
608
4503	1
4257
4257	1
4167
4167	1
2476
4504	1
2580
2580	1
612
612	1
2946
2946	1
4133
4505	1
4229
4229	1
1540
1540	1
91
91	1
4824
4506	1
3850
4507	1
2412
2412	1
3569
4509	1
2186
2186	1
2824
4511	1
2417
2417	1
870
870	1
3158
3158	1
1266
1266	1
448
448	1
1920
4514	1
3630
3630	1
2466
2466	1
3166
4517	1
651
651	1
1935
4519	1
3743
4520	1
2673
4522	1
3640
4524	1
365
4525	1
3666
4527	1
1436
1436	1
87
87	1
4285
4529	1
3342
4531	1
4144
4144	1
2716
4535	1
2658
4536	1
2061
4537	1
317
317	1
2761
2761	1
1206
1206	1
1985
1985	1
4192
4538	1
3888
3888	1
3922
3922	1
4190
4539	1
2614
4542	1
875
875	1
2674
2674	1
337
337	1
3111
3111	1
4450
4544	1
663
663	1
4612
4545	1
3958
4547	1
1672
1672	1
848
4549	1
2641
4550	1
4092
4092	1
3867
3867	1
3515
3515	1
2824
2824	1
4605
4551	1
3126
3126	1
2628
2628	1
135
135	1
3802
3802	1
4909
4553	1
4552
4552	1
2397
2397	1
2581
2581	1
2060
2060	1
3580
3580	1
1076
1076	1
2348
2348	1
1531
4556	1
2902
2902	1
3761
3761	1
772
772	1
730
730	1
3869
3869	1
264
264	1
3206
3206	1
2517
2517	1
2797
4557	1
1200
1200	1
2503
4558	1
781
781	1
4482
4482	1
2921
2921	1
162
162	1
3803
4559	1
3318
4560	1
3342
3342	1
4824
4561	1
2673
2673	1
4669
4564	1
754
754	1
2000
2000	1
4087
4087	1
2061
2061	1
2963
2963	1
3809
3809	1
2519
2519	1
724
724	1
2566
2566	1
2156
4565	1
22
4569	1
2489
2489	1
3229
3229	1
3142
4570	1
543
543	1
4444
4572	1
540
4573	1
779
4574	1
3005
3005	1
1122
1122	1
3508
3508	1
823
823	1
2172
2172	1
17
17	1
2169
2169	1
2413
4575	1
909
909	1
1954
4576	1
31
4577	1
2194
2194	1
69
69	1
660
4579	1
2820
4580	1
2444
2444	1
4832
4581	1
3620
3620	1
2561
2561	1
4197
4197	1
4039
4582	1
26
26	1
898
898	1
755
755	1
2300
4583	1
3960
3960	1
3192
3192	1
4937
4584	1
1069
1069	1
580
4585	1
4896
4587	1
1352
4589	1
1965
1965	1
1660
1660	1
3010
3010	1
63
63	1
1066
4591	1
2681
4593	1
3423
3423	1
4515
4515	1
2812
2812	1
3955
3955	1
783
783	1
343
4595	1
1604
4596	1
1716
1716	1
2703
2703	1
1580
4597	1
4620
4598	1
506
4600	1
1004
1004	1
4475
4601	1
488
488	1
4452
4452	1
158
158	1
2367
4603	1
585
585	1
3013
3013	1
2068
2068	1
4073
4073	1
3866
3866	1
4534
4534	1
2648
2648	1
3883
4605	1
161
161	1
4438
4438	1
278
4606	1
4870
4608	1
2156
2156	1
4733
4609	1
3334
4610	1
1790
4611	1
1308
1308	1
2062
2062	1
332
332	1
570
570	1
4459
4612	1
4995
4614	1
4272
4272	1
3914
3914	1
2958
4616	1
1914
1914	1
4383
4383	1
2122
2122	1
1911
1911	1
4532
4532	1
4566
4566	1
275
275	1
4625
4618	1
710
710	1
4405
4619	1
633
4621	1
1104
1104	1
689
689	1
1712
1712	1
1343
4622	1
1853
1853	1
3141
4623	1
4725
4624	1
125
4625	1
2036
2036	1
4698
4627	1
1051
1051	1
3420
3420	1
3362
3362	1
1806
4628	1
784
4629	1
4512
4512	1
790
790	1
3219
3219	1
1164
1164	1
3852
3852	1
1562
1562	1
2872
4631	1
623
623	1
1260
1260	1
4590
4590	1
3407
4632	1
316
316	1
643
643	1
3137
4633	1
935
4634	1
4449
4449	1
3189
3189	1
3101
3101	1
4424
4424	1
1468
1468	1
4127
4635	1
2294
2294	1
4571
4571	1
539
539	1
3939
4636	1
4183
4637	1
2724
2724	1
1520
4639	1
1031
1031	1
3097
3097	1
1776
1776	1
1039
1039	1
925
4640	1
160
160	1
257
257	1
3462
3462	1
3709
3709	1
4285
4641	1
3824
4642	1
1728
1728	1
126
126	1
793
793	1
2961
4643	1
1277
1277	1
803
803	1
4037
4037	1
1618
4644	1
4626
4626	1
2858
2858	1
1043
1043	1
4846
4645	1
944
944	1
969
969	1
1296
1296	1
1390
4646	1
3468
3468	1
3817
3817	1
3857
3857	1
2007
2007	1
3154
4647	1
3085
4648	1
1070
4649	1
1383
4652	1
3391
4653	1
1931
1931	1
4311
4654	1
640
4655	1
3722
3722	1
2288
4657	1
2826
4658	1
751
751	1
3605
4659	1
467
467	1
2598
2598	1
3286
3286	1
2254
2254	1
3431
3431	1
1512
4660	1
3973
3973	1
4301
4301	1
4492
4661	1
3375
3375	1
1024
4662	1
1441
1441	1
4152
4152	1
2678
2678	1
1146
1146	1
2315
2315	1
2326
2326	1
1365
1365	1
1343
1343	1
4510
4510	1
2944
2944	1
1956
1956	1
1070
4664	1
354
4665	1
153
153	1
2438
2438	1
6
4666	1
1588
4667	1
2883
4668	1
29
29	1
608
608	1
2587
4671	1
2743
4672	1
3632
3632	1
130
4673	1
4474
4674	1
4380
4380	1
3646
3646	1
1019
4675	1
2501
4676	1
4790
4678	1
901
901	1
50
50	1
1641
1641	1
2639
2639	1
2084
2084	1
3449
3449	1
2229
2229	1
1876
1876	1
1737
1737	1
3335
3335	1
3031
3031	1
2742
2742	1
4392
4392	1
28
28	1
1924
1924	1
1369
1369	1
2992
2992	1
3253
3253	1
4104
4104	1
4001
4679	1
315
4681	1
3655
3655	1
4526
4526	1
2191
2191	1
4899
4682	1
2024
2024	1
4997
4683	1
4508
4508	1
2012
2012	1
1697
1697	1
503
4684	1
1197
1197	1
3377
3377	1
1311
1311	1
1350
4685	1
2212
2212	1
2975
2975	1
4393
4686	1
125
4687	1
4407
4407	1
3160
3160	1
4140
4689	1
1457
1457	1
522
522	1
3821
3821	1
4450
4450	1
771
771	1
3343
3343	1
459
459	1
1738
4691	1
1787
1787	1
2350
4692	1
4048
4693	1
2048
2048	1
2345
2345	1
1759
1759	1
3930
3930	1
2693
2693	1
2683
4694	1
1524
1524	1
3981
3981	1
2513
2513	1
2446
2446	1
4884
4695	1
3879
3879	1
4205
4205	1
4067
4696	1
1754
1754	1
986
986	1
2349
2349	1
1649
1649	1
2908
2908	1
4533
4533	1
2106
4700	1
352
4701	1
2231
4702	1
1679
1679	1
2086
2086	1
2313
2313	1
2480
4703	1
945
945	1
3592
3592	1
1463
4704	1
309
309	1
4983
4705	1
4376
4706	1
4001
4709	1
1722
1722	1
1259
1259	1
1789
4710	1
1040
1040	1
416
4712	1
2413
2413	1
4777
4713	1
2160
4714	1
3296
3296	1
2363
2363	1
4502
4502	1
1300
1300	1
1013
1013	1
1465
1465	1
4530
4530	1
4578
4578	1
4711
4711	1
1790
1790	1
1061
1061	1
1944
1944	1
4699
4699	1
1514
4715	1
1387
4716	1
1106
1106	1
4064
4717	1
4231
4231	1
501
501	1
2450
2450	1
1604
1604	1
1116
1116	1
1866
1866	1
1066
1066	1
2117
2117	1
1568
1568	1
4427
4719	1
2096
2096	1
2948
2948	1
81
81	1
3956
3956	1
2607
2607	1
1244
1244	1
649
649	1
231
4722	1
3958
3958	1
49
49	1
2137
2137	1
4650
4724	1
3239
4725	1
683
683	1
4269
4269	1
4384
4384	1
1030
1030	1
1161
1161	1
4276
4276	1
4518
4727	1
3748
3748	1
1962
1962	1
322
322	1
4235
4235	1
31
31	1
4166
4166	1
1443
4728	1
666
666	1
959
959	1
499
4730	1
4870
4732	1
125
125	1
3912
4734	1
2637
2637	1
3100
3100	1
3679
3679	1
1543
1543	1
3325
3325	1
4836
4735	1
267
4736	1
2771
2771	1
561
561	1
1773
1773	1
283
4739	1
2874
2874	1
252
252	1
1215
4741	1
4137
4137	1
1245
1245	1
604
604	1
534
534	1
3337
4742	1
2264
2264	1
154
154	1
4876
4743	1
2071
4744	1
3218
3218	1
3495
4745	1
2881
2881	1
4317
4317	1
4397
4397	1
633
633	1
2362
4746	1
2293
2293	1
4243
4243	1
3661
3661	1
3691
3691	1
1325
1325	1
4262
4262	1
958
958	1
3610
4750	1
1496
4752	1
3505
4754	1
4851
4755	1
4810
4756	1
2256
2256	1
280
280	1
567
567	1
1976
1976	1
2322
2322	1
288
288	1
1426
1426	1
3638
4757	1
4650
4650	1
3085
3085	1
4261
4261	1
90
90	1
1429
1429	1
631
631	1
4027
4027	1
802
802	1
2830
2830	1
1768
1768	1
4339
4758	1
3246
4759	1
4304
4304	1
4476
4761	1
3497
3497	1
2889
2889	1
4738
4738	1
2133
4762	1
1564
1564	1
1269
1269	1
1920
1920	1
4307
4307	1
2474
4764	1
1563
1563	1
3334
3334	1
2388
2388	1
4192
4765	1
4436
4436	1
1800
4768	1
797
797	1
2958
2958	1
3447
3447	1
2892
2892	1
2437
2437	1
4359
4769	1
2032
4770	1
2041
4771	1
4306
4772	1
718
718	1
2968
2968	1
73
73	1
2683
2683	1
2379
2379	1
1647
4774	1
4890
4775	1
2681
2681	1
4613
4613	1
291
291	1
1882
1882	1
2427
2427	1
3178
3178	1
3947
3947	1
1808
4776	1
3381
4777	1
1954
4778	1
3036
3036	1
1240
1240	1
2459
2459	1
2290
2290	1
1335
1335	1
3390
3390	1
3535
3535	1
900
900	1
3830
4780	1
1268
1268	1
973
973	1
2795
2795	1
3553
4781	1
1934
1934	1
2160
2160	1
4860
4783	1
3442
3442	1
2763
2763	1
2035
4784	1
3512
3512	1
1784
4785	1
1462
1462	1
3558
3558	1
4222
4222	1
636
636	1
2026
2026	1
146
146	1
925
4786	1
3254
4787	1
916
916	1
4747
4747	1
3711
3711	1
1738
1738	1
426
426	1
297
297	1
4994
4791	1
3877
3877	1
3162
3162	1
1643
1643	1
2384
4792	1
614
614	1
733
733	1
1049
1049	1
2886
2886	1
4067
4794	1
3114
3114	1
2436
4799	1
2817
2817	1
4345
4345	1
1942
1942	1
580
580	1
1220
1220	1
2831
2831	1
1289
1289	1
1149
1149	1
2278
2278	1
4056
4056	1
3925
4800	1
735
4803	1
3393
3393	1
411
4804	1
1320
1320	1
2841
4805	1
3989
3989	1
4385
4806	1
480
480	1
2650
2650	1
2259
4808	1
3634
3634	1
3894
4809	1
315
315	1
2366
4810	1
1948
1948	1
3779
4811	1
2540
2540	1
3427
3427	1
4897
4812	1
2535
2535	1
3569
4813	1
3305
4814	1
1379
4815	1
536
536	1
3505
3505	1
4555
4555	1
1495
4816	1
2071
2071	1
3179
3179	1
4427
4427	1
2884
2884	1
4311
4311	1
4398
4817	1
3569
3569	1
1862
1862	1
511
4818	1
4795
4795	1
1352
1352	1
1963
4819	1
4223
4820	1
2225
2225	1
554
554	1
3625
3625	1
3743
3743	1
4429
4429	1
3986
3986	1
4651
4651	1
1602
4821	1
1187
1187	1
1511
1511	1
2846
4822	1
1833
1833	1
1981
1981	1
1800
1800	1
716
716	1
685
685	1
4751
4751	1
4370
4370	1
4284
4284	1
3076
3076	1
1133
4823	1
1711
4825	1
2123
2123	1
2308
2308	1
746
4826	1
3329
4827	1
2259
4828	1
2398
2398	1
2094
2094	1
1477
1477	1
3574
3574	1
2850
4830	1
1482
4832	1
4090
4090	1
4048
4048	1
1784
1784	1
4707
4707	1
3088
3088	1
2439
2439	1
3239
3239	1
2233
2233	1
4677
4677	1
1640
1640	1
1406
4833	1
1227
1227	1
4690
4690	1
2878
2878	1
4855
4834	1
386
386	1
413
413	1
3033
3033	1
3788
3788	1
198
198	1
4824
4835	1
2297
2297	1
3337
3337	1
600
600	1
2078
2078	1
3806
3806	1
4385
4385	1
4373
4373	1
1806
4837	1
4798
4798	1
1301
1301	1
3155
3155	1
4184
4184	1
2585
2585	1
4279
4279	1
1963
1963	1
3596
3596	1
3381
3381	1
381
4838	1
4020
4020	1
1370
1370	1
225
225	1
4592
4592	1
2728
2728	1
1371
1371	1
4360
4360	1
1740
4841	1
4365
4843	1
2055
2055	1
2820
2820	1
2298
4844	1
3194
3194	1
2416
2416	1
3667
3667	1
4889
4847	1
2171
2171	1
2996
2996	1
4451
4451	1
596
4848	1
707
707	1
4376
4376	1
1726
1726	1
549
549	1
1486
4849	1
455
455	1
1666
4850	1
646
646	1
2456
2456	1
4218
4218	1
576
4852	1
3344
3344	1
389
389	1
3969
3969	1
3006
3006	1
1748
1748	1
1374
1374	1
2312
2312	1
2571
2571	1
1463
4853	1
773
773	1
4476
4476	1
2599
2599	1
268
268	1
1125
4854	1
1653
1653	1
3893
3893	1
1665
1665	1
3456
3456	1
2494
4856	1
4733
4733	1
1178
1178	1
2767
2767	1
1871
1871	1
4930
4857	1
1588
4858	1
1552
4859	1
1916
1916	1
4893
4861	1
3274
3274	1
2807
2807	1
3710
3710	1
1124
1124	1
2588
2588	1
2643
4862	1
4183
4183	1
1939
1939	1
2534
4863	1
2843
2843	1
3019
3019	1
2589
2589	1
37
37	1
1557
1557	1
4298
4298	1
119
4865	1
1683
1683	1
1363
1363	1
2825
2825	1
3289
3289	1
411
411	1
3603
3603	1
4169
4868	1
114
114	1
2753
4869	1
3562
3562	1
367
367	1
39
39	1
2704
2704	1
3892
3892	1
842
4871	1
4887
4872	1
279
279	1
490
4873	1
3948
3948	1
4670
4670	1
3278
3278	1
2600
2600	1
607
607	1
2852
2852	1
4034
4034	1
1602
1602	1
2497
2497	1
1010
1010	1
832
4874	1
746
746	1
1610
4875	1
504
4876	1
2782
2782	1
3401
3401	1
1210
4877	1
2182
2182	1
4125
4125	1
2784
2784	1
1368
1368	1
3565
3565	1
4939
4878	1
1993
1993	1
3957
4879	1
4192
4192	1
3309
3309	1
1687
1687	1
2070
2070	1
3540
3540	1
4393
4393	1
2534
2534	1
3320
3320	1
770
770	1
1337
1337	1
3729
3729	1
4870
4870	1
2277
2277	1
1148
4881	1
3455
4883	1
4366
4884	1
1877
1877	1
838
838	1
2400
2400	1
3754
3754	1
1278
1278	1
768
768	1
2641
4885	1
4339
4339	1
2733
2733	1
1770
1770	1
506
506	1
199
199	1
273
4886	1
4789
4789	1
2841
2841	1
3763
3763	1
2626
2626	1
3477
3477	1
1893
4887	1
764
764	1
2736
2736	1
1971
1971	1
3576
3576	1
630
4888	1
3538
3538	1
3769
3769	1
3105
3105	1
1960
1960	1
1210
1210	1
111
111	1
3246
4889	1
3951
3951	1
258
4890	1
2986
2986	1
3971
3971	1
902
902	1
1597
1597	1
452
452	1
4465
4891	1
2455
2455	1
988
988	1
3839
3839	1
4726
4726	1
2916
2916	1
851
4892	1
2834
2834	1
4588
4588	1
4374
4894	1
320
320	1
4118
4118	1
4049
4049	1
1271
4895	1
4375
4375	1
4075
4075	1
4563
4563	1
4323
4323	1
941
941	1
1547
1547	1
2253
2253	1
2656
4897	1
3439
3439	1
232
232	1
1155
1155	1
4790
4790	1
1133
1133	1
4617
4617	1
2302
2302	1
273
273	1
217
217	1
231
231	1
4164
4164	1
4388
4898	1
2982
2982	1
3838
3838	1
2231
2231	1
2680
2680	1
839
839	1
4336
4336	1
3640
3640	1
1019
1019	1
4718
4718	1
3243
3243	1
3328
3328	1
2155
2155	1
3029
4900	1
1851
1851	1
3371
4901	1
3161
3161	1
540
540	1
2578
2578	1
1929
1929	1
2850
2850	1
2688
2688	1
923
923	1
634
634	1
176
4902	1
4860
4860	1
1070
1070	1
4374
4374	1
1624
1624	1
1190
1190	1
1797
1797	1
2966
2966	1
3365
3365	1
3768
4904	1
85
85	1
2402
2402	1
1954
1954	1
346
346	1
4721
4721	1
1496
1496	1
1732
1732	1
4737
4737	1
1521
1521	1
3142
3142	1
2189
2189	1
1142
1142	1
2103
2103	1
2292
2292	1
3173
4906	1
4893
4893	1
3186
3186	1
913
913	1
507
507	1
2032
2032	1
723
723	1
4400
4400	1
3298
4907	1
3608
3608	1
1893
4909	1
686
686	1
4607
4607	1
1536
1536	1
2962
2962	1
4931
4910	1
4190
4911	1
509
509	1
848
848	1
4131
4131	1
779
779	1
2406
2406	1
354
4913	1
896
896	1
934
4914	1
4620
4620	1
3523
3523	1
1174
4915	1
4001
4001	1
510
510	1
1629
1629	1
138
138	1
2275
2275	1
3812
3812	1
1023
1023	1
504
504	1
1271
1271	1
2541
2541	1
2846
2846	1
1655
1655	1
1870
1870	1
2367
2367	1
4346
4346	1
4867
4867	1
3752
3752	1
4474
4916	1
1793
1793	1
4120
4120	1
2658
2658	1
4842
4842	1
1961
4917	1
4357
4357	1
4226
4226	1
3240
3240	1
3087
3087	1
4516
4516	1
1110
4918	1
3547
3547	1
13
13	1
1605
1605	1
3146
3146	1
360
360	1
4159
4159	1
4050
4050	1
880
880	1
2211
2211	1
3254
3254	1
1674
4919	1
4009
4009	1
3369
3369	1
1486
1486	1
2837
2837	1
970
970	1
3340
3340	1
3170
4920	1
4977
4921	1
738
738	1
2210
2210	1
3455
3455	1
1151
1151	1
4039
4039	1
2546
2546	1
1038
1038	1
989
4922	1
4729
4729	1
819
819	1
4475
4475	1
4521
4521	1
766
766	1
2387
2387	1
931
4923	1
886
886	1
2261
2261	1
2250
2250	1
1482
1482	1
1734
1734	1
1406
1406	1
3889
3889	1
4946
4924	1
3333
3333	1
6
6	1
3249
3249	1
4528
4925	1
2477
2477	1
760
4926	1
3428
3428	1
4944
4927	1
4148
4148	1
4807
4928	1
218
218	1
2544
2544	1
574
574	1
1088
1088	1
1945
1945	1
3610
3610	1
271
271	1
4404
4929	1
2501
2501	1
4444
4444	1
481
4930	1
220
220	1
792
792	1
2249
2249	1
3359
4931	1
4973
4932	1
3190
3190	1
690
690	1
4356
4356	1
2018
2018	1
1823
1823	1
3551
3551	1
3779
3779	1
737
737	1
1674
1674	1
1607
1607	1
532
532	1
662
662	1
2938
4933	1
4656
4656	1
4807
4807	1
883
883	1
4327
4327	1
2056
4934	1
736
736	1
4241
4241	1
2860
2860	1
1810
1810	1
4479
4479	1
4688
4688	1
3801
3801	1
20
20	1
450
450	1
418
418	1
1309
1309	1
2044
2044	1
2178
2178	1
22
22	1
3553
3553	1
323
4936	1
2151
2151	1
2505
2505	1
1707
1707	1
354
354	1
2329
2329	1
1055
1055	1
2414
2414	1
4105
4105	1
2644
2644	1
1118
1118	1
490
490	1
2271
4937	1
4942
4938	1
843
843	1
2006
2006	1
1219
1219	1
1
1	1
3230
3230	1
1991
1991	1
112
112	1
3936
3936	1
1761
1761	1
3938
3938	1
688
688	1
935
935	1
1350
1350	1
2614
2614	1
3144
3144	1
2787
2787	1
3790
3790	1
4431
4939	1
1160
1160	1
1099
1099	1
1957
1957	1
4169
4169	1
3134
4940	1
1298
1298	1
4195
4195	1
2554
2554	1
368
368	1
1170
4941	1
3566
3566	1
1857
1857	1
2319
2319	1
655
655	1
2883
2883	1
497
497	1
1588
1588	1
877
877	1
4523
4523	1
1148
1148	1
4306
4306	1
1246
1246	1
650
650	1
2934
2934	1
2995
2995	1
1252
1252	1
379
379	1
3815
3815	1
119
119	1
887
887	1
2494
2494	1
2476
2476	1
503
503	1
972
972	1
2372
2372	1
4404
4942	1
263
263	1
2467
2467	1
842
842	1
4802
4802	1
2457
2457	1
2027
2027	1
832
832	1
2419
2419	1
2399
2399	1
3988
3988	1
2822
4943	1
1461
1461	1
4840
4840	1
1840
4944	1
3300
3300	1
3681
3681	1
4948
4945	1
3495
3495	1
1471
1471	1
1415
1415	1
427
427	1
2317
2317	1
2868
2868	1
989
989	1
967
967	1
1058
1058	1
3341
4946	1
4324
4324	1
3394
3394	1
1327
4947	1
1752
1752	1
2800
2800	1
1961
1961	1
2832
2832	1
423
423	1
4497
4497	1
416
416	1
410
410	1
2498
2498	1
1946
1946	1
784
784	1
3810
3810	1
3376
3376	1
1110
1110	1
3419
3419	1
3015
3015	1
845
845	1
1986
1986	1
3096
3096	1
3957
3957	1
2181
2181	1
4274
4274	1
2938
2938	1
759
759	1
1383
1383	1
3028
3028	1
3131
3131	1
824
4949	1
4797
4797	1
3371
3371	1
853
853	1
2390
2390	1
303
303	1
137
137	1
281
281	1
4836
4836	1
1463
1463	1
1125
1125	1
2657
2657	1
987
987	1
3391
3391	1
965
965	1
4839
4839	1
2508
2508	1
366
366	1
903
4951	1
2753
2753	1
2660
2660	1
2826
2826	1
1858
1858	1
3244
3244	1
2596
2596	1
1576
1576	1
4740
4740	1
4461
4952	1
4228
4228	1
1231
1231	1
1071
1071	1
3271
3271	1
3484
4953	1
2298
2298	1
3965
3965	1
3830
4954	1
2135
2135	1
2195
2195	1
2020
2020	1
2474
2474	1
2780
2780	1
109
109	1
1409
1409	1
4151
4151	1
610
610	1
283
283	1
4309
4309	1
2321
2321	1
4663
4955	1
2428
2428	1
1982
1982	1
1861
1861	1
3589
3589	1
287
287	1
1045
1045	1
3115
3115	1
258
258	1
563
563	1
4055
4055	1
2904
2904	1
1090
1090	1
4175
4175	1
4546
4546	1
4615
4615	1
2867
4956	1
665
665	1
1470
1470	1
2271
2271	1
1893
1893	1
298
298	1
3829
3829	1
104
104	1
4116
4957	1
2718
2718	1
560
560	1
2751
2751	1
499
499	1
777
777	1
4912
4912	1
2810
4958	1
4903
4903	1
1717
1717	1
566
566	1
3237
3237	1
2429
4959	1
1936
1936	1
1935
1935	1
1474
1474	1
4753
4753	1
163
163	1
1704
4961	1
3934
3934	1
492
492	1
3901
3901	1
2146
2146	1
760
760	1
2665
2665	1
4773
4773	1
3929
3929	1
2214
4962	1
2748
2748	1
127
127	1
3959
3959	1
64
64	1
2863
2863	1
669
669	1
3224
3224	1
4133
4133	1
2299
2299	1
3103
3103	1
3025
3025	1
3108
3108	1
847
847	1
4470
4470	1
2090
2090	1
3411
3411	1
2184
2184	1
2386
2386	1
3982
3982	1
2931
2931	1
2533
2533	1
2243
2243	1
4763
4763	1
3613
3613	1
4518
4518	1
3292
3292	1
1170
1170	1
2997
2997	1
4985
4963	1
1531
1531	1
956
956	1
693
693	1
3048
4964	1
533
533	1
4342
4342	1
1333
1333	1
618
618	1
1535
1535	1
2699
2699	1
3925
3925	1
4548
4548	1
4984
4965	1
2429
2429	1
2237
2237	1
2404
2404	1
1610
1610	1
4960
4960	1
500
500	1
3050
4967	1
2503
2503	1
4723
4723	1
1580
1580	1
2668
2668	1
4280
4280	1
3739
3739	1
1695
1695	1
2484
2484	1
1704
1704	1
3694
3694	1
2203
2203	1
3080
3080	1
391
391	1
3273
3273	1
968
968	1
3173
3173	1
2010
2010	1
735
735	1
3235
3235	1
3329
3329	1
2480
2480	1
1086
1086	1
2643
2643	1
4788
4788	1
3824
3824	1
727
727	1
1744
4968	1
3170
3170	1
2454
2454	1
330
330	1
1083
1083	1
2344
2344	1
4492
4492	1
3660
3660	1
1216
4970	1
1808
1808	1
3205
3205	1
3486
3486	1
2433
2433	1
3258
3258	1
4461
4461	1
3811
3811	1
197
197	1
457
457	1
3940
3940	1
4078
4078	1
3277
3277	1
72
72	1
1041
1041	1
4749
4749	1
4846
4846	1
2423
2423	1
419
419	1
3246
3246	1
922
922	1
3022
3022	1
27
27	1
1628
1628	1
4793
4793	1
4404
4404	1
4405
4405	1
1918
1918	1
414
414	1
108
108	1
2605
4971	1
1740
1740	1
4796
4796	1
4829
4829	1
2871
2871	1
1951
1951	1
4567
4567	1
1077
1077	1
1806
1806	1
2636
2636	1
254
254	1
4297
4297	1
2030
2030	1
3221
3221	1
3598
3598	1
4459
4459	1
3830
3830	1
652
652	1
491
491	1
3185
3185	1
892
892	1
3029
3029	1
4855
4972	1
4462
4462	1
3516
3516	1
2255
2255	1
4093
4973	1
3407
4974	1
620
620	1
4134
4134	1
4663
4663	1
3708
3708	1
4935
4935	1
1272
4975	1
2779
2779	1
3912
3912	1
3305
3305	1
4409
4409	1
1644
1644	1
3567
3567	1
4801
4801	1
1150
1150	1
4669
4669	1
2420
2420	1
3154
3154	1
1987
1987	1
4432
4432	1
4140
4140	1
2300
2300	1
801
801	1
4093
4093	1
3298
3298	1
4513
4513	1
2384
2384	1
2974
2974	1
1336
1336	1
2041
2041	1
1500
1500	1
1431
1431	1
4471
4976	1
1494
1494	1
1191
1191	1
2035
4977	1
2283
2283	1
1908
1908	1
1451
1451	1
2593
2593	1
2605
2605	1
3048
3048	1
130
130	1
2885
2885	1
4494
4494	1
4193
4193	1
804
4979	1
3067
3067	1
2797
2797	1
1780
1780	1
4748
4748	1
2111
2111	1
934
934	1
3785
3785	1
3952
3952	1
2320
2320	1
2288
4980	1
3883
3883	1
3674
4981	1
4283
4283	1
1272
1272	1
4845
4845	1
4760
4760	1
1867
1867	1
3823
3823	1
472
472	1
1701
1701	1
4029
4029	1
1949
1949	1
1553
1553	1
2145
2145	1
4562
4562	1
4680
4680	1
3407
3407	1
3572
3572	1
2486
2486	1
1005
4982	1
1642
1642	1
2906
2906	1
4414
4414	1
1618
1618	1
511
511	1
3380
3380	1
4767
4767	1
1021
1021	1
2856
4983	1
851
851	1
1584
1584	1
2069
2069	1
4168
4168	1
4465
4465	1
4697
4984	1
2451
2451	1
2716
2716	1
2950
2950	1
1829
1829	1
1204
1204	1
3141
3141	1
1668
1668	1
2867
2867	1
2214
2214	1
2539
2539	1
1815
1815	1
1379
1379	1
4604
4604	1
4851
4851	1
3964
3964	1
947
947	1
3432
3432	1
4992
4985	1
365
4986	1
1121
1121	1
4300
4300	1
2392
2392	1
2743
2743	1
1427
1427	1
3765
3765	1
3605
4987	1
4064
4064	1
1666
1666	1
2453
2453	1
4948
4948	1
1744
1744	1
2773
4988	1
4388
4989	1
4882
4882	1
3723
3723	1
1050
1050	1
3137
3137	1
4426
4426	1
1495
1495	1
4471
4471	1
3674
3674	1
740
740	1
4225
4225	1
4855
4855	1
1174
1174	1
3840
3840	1
1711
1711	1
1064
1064	1
3
3	1
3063
3063	1
3081
3081	1
1024
4990	1
2362
2362	1
4386
4386	1
1216
1216	1
824
824	1
971
971	1
2436
2436	1
611
611	1
769
769	1
1005
1005	1
3426
3426	1
1443
1443	1
4251
4251	1
3318
3318	1
2563
2563	1
3850
3850	1
573
573	1
1484
1484	1
2587
2587	1
1388
1388	1
3150
3150	1
38
38	1
2641
2641	1
4697
4697	1
4866
4866	1
4114
4114	1
3808
3808	1
343
343	1
4720
4720	1
2627
2627	1
4899
4899	1
4880
4880	1
3768
3768	1
2822
2822	1
1410
1410	1
4061
4061	1
4978
4978	1
3545
3545	1
2529
2529	1
3303
3303	1
1386
1386	1
3665
3665	1
2575
2575	1
4285
4285	1
4127
4127	1
1327
1327	1
4908
4991	1
2047
2047	1
4602
4602	1
4223
4223	1
907
907	1
4950
4950	1
4540
4540	1
3188
4992	1
1447
1447	1
2462
2462	1
2464
2464	1
2355
2355	1
2818
2818	1
433
433	1
1512
1512	1
2714
2714	1
4072
4072	1
2752
2752	1
2220
2220	1
221
221	1
4779
4779	1
481
481	1
2085
2085	1
1837
1837	1
2872
2872	1
4896
4896	1
1647
1647	1
2965
2965	1
2518
2518	1
323
323	1
2005
2005	1
2778
2778	1
1583
1583	1
4599
4599	1
4366
4366	1
1390
1390	1
3894
3894	1
640
640	1
653
653	1
4594
4594	1
840
840	1
2537
2537	1
2350
2350	1
2174
2174	1
352
352	1
4864
4864	1
4116
4993	1
4966
4966	1
2443
2443	1
3437
3437	1
592
592	1
3474
3474	1
266
266	1
1215
1215	1
4052
4052	1
674
674	1
2741
2741	1
1883
1883	1
4782
4782	1
660
660	1
2260
2260	1
2354
2354	1
4568
4568	1
2732
2732	1
1401
1401	1
1141
1141	1
2708
2708	1
4190
4190	1
3465
3465	1
80
80	1
3188
4994	1
3683
3683	1
4698
4698	1
2768
2768	1
1399
1399	1
1598
1598	1
2671
2671	1
3770
3770	1
3728
3728	1
4586
4586	1
3030
4995	1
2442
2442	1
1777
1777	1
4394
4394	1
1514
1514	1
1725
1725	1
4413
4413	1
3484
3484	1
212
212	1
3803
3803	1
1762
1762	1
2011
2011	1
4116
4116	1
596
596	1
925
925	1
4423
4423	1
302
302	1
2710
4996	1
976
976	1
739
739	1
3288
3288	1
2856
2856	1
3134
3134	1
267
267	1
3504
3504	1
3638
3638	1
1552
1552	1
1840
1840	1
3666
3666	1
4194
4194	1
4824
4824	1
4474
4474	1
4638
4638	1
3939
3939	1
2610
2610	1
4289
4289	1
3472
3472	1
3605
3605	1
2106
2106	1
4359
4359	1
3825
3825	1
1789
1789	1
2056
2056	1
4069
4069	1
915
915	1
1662
1662	1
2240
2240	1
617
617	1
3074
4997	1
4541
4541	1
2710
2710	1
265
265	1
814
814	1
2773
2773	1
4447
4447	1
1767
1767	1
3069
3069	1
2288
2288	1
4163
4163	1
1480
1480	1
3733
3733	1
2403
2403	1
3359
4998	1
3554
3554	1
2351
2351	1
381
381	1
4831
4831	1
1282
1282	1
1183
1183	1
4708
4708	1
1176
1176	1
16
16	1
1520
1520	1
4388
4388	1
4458
4458	1
2375
2375	1
365
365	1
804
804	1
717
717	1
2133
2133	1
4969
4969	1
1542
1542	1
1387
1387	1
4067
4067	1
176
176	1
4123
4123	1
4019
4019	1
3129
3129	1
2791
2791	1
2961
2961	1
2366
2366	1
3490
3490	1
630
630	1
931
931	1
2810
2810	1
4543
4543	1
3966
3966	1
1771
1771	1
1676
1676	1
1658
1658	1
3188
3188	1
3030
3030	1
1338
1338	1
1177
1177	1
4077
4077	1
324
324	1
903
903	1
4365
4365	1
2597
2597	1
4138
4138	1
4095
4095	1
4431
4431	1
576
576	1
3518
3518	1
3074
3074	1
4398
4398	1
2361
2361	1
879
879	1
854
854	1
1423
1423	1
3784
3784	1
4766
4766	1
428
428	1
2713
2713	1
2806
2806	1
2980
2980	1
1357
1357	1
3387
3387	1
2701
2701	1
3050
3050	1
4630
4630	1
3685
3685	1
2579
2579	1
3359
3359	1
278
278	1
1024
1024	1
293
293	1
2314
2314	1
4528
4528	1
2259
2259	1
7
7	1
3332
3332	1
2331
2331	1
299
299	1
417
417	1
2656
2656	1
4215
4215	1
3341
3341	1
2606
2606	1
1314
1314	1
2219
2219	1
2307
2307	1
742
742	1
3290
3290	1
1938
1938	1
4554
4554	1
4731
4731	1
2788
2788	1
2035
2035	1
4908
4908	1
4905
4905	1
2205
2205	1
4047
4047	1
3166
3166	1
4999
4999	0
